Run-time: 4229.924117088318 seconds
Memory Usage (MiB): [146.22265625, 146.64453125, 480.50390625, 480.63671875, 480.90234375, 482.90234375, 482.9453125, 482.9453125, 482.9453125, 482.9453125, 482.9453125, 482.9453125, 482.9453125, 482.9453125, 482.9453125, 484.9453125, 484.9453125, 484.9453125, 484.9453125, 484.9453125, 484.9453125, 484.9453125, 484.9453125, 484.9453125, 484.9453125, 484.9453125, 486.9453125, 486.9453125, 486.9453125, 486.9453125, 486.9453125, 486.9453125, 486.9453125, 486.9453125, 486.9453125, 486.9453125, 486.9453125, 488.9453125, 488.9453125, 488.9453125, 488.9453125, 488.9453125, 488.9453125, 488.9453125, 488.9453125, 488.9453125, 488.9453125, 490.9453125, 490.9453125, 490.9453125, 490.9453125, 490.9453125, 490.9453125, 490.9453125, 490.9453125, 490.9453125, 490.9453125, 490.9453125, 492.9453125, 492.9453125, 492.9453125, 492.9453125, 492.9453125, 492.9453125, 492.9453125, 492.9453125, 492.9453125, 492.9453125, 492.9453125, 494.9453125, 494.9453125, 494.9453125, 494.9453125, 494.9453125, 494.9453125, 494.9453125, 494.9453125, 494.9453125, 494.9453125, 494.9453125, 496.9453125, 496.9453125, 496.9453125, 496.9453125, 496.9453125, 496.9453125, 496.9453125, 496.9453125, 496.9453125, 496.9453125, 498.9453125, 498.9453125, 498.9453125, 498.9453125, 498.9453125, 498.9453125, 498.9453125, 498.9453125, 498.9453125, 498.9453125, 498.9453125, 500.9453125, 500.9453125, 500.9453125, 500.9453125, 500.9453125, 500.9453125, 500.9453125, 500.9453125, 500.9453125, 500.9453125, 500.9453125, 502.9453125, 502.9453125, 502.9453125, 502.9453125, 502.9453125, 502.9453125, 502.9453125, 502.9453125, 502.9453125, 502.9453125, 504.9453125, 504.9453125, 504.9453125, 504.9453125, 504.9453125, 504.9453125, 504.9453125, 504.9453125, 504.9453125, 504.9453125, 504.9453125, 506.9453125, 506.9453125, 506.9453125, 506.9453125, 506.9453125, 506.9453125, 506.9453125, 506.9453125, 506.9453125, 506.9453125, 506.9453125, 508.9453125, 508.9453125, 508.9453125, 508.9453125, 508.9453125, 508.9453125, 508.9453125, 508.9453125, 508.9453125, 508.9453125, 510.9453125, 510.9453125, 510.9453125, 510.9453125, 510.9453125, 510.9453125, 510.9453125, 510.9453125, 510.9453125, 510.9453125, 510.9453125, 512.9453125, 512.9453125, 512.9453125, 512.9453125, 512.9453125, 512.9453125, 512.9453125, 512.9453125, 512.9453125, 512.9453125, 512.9453125, 514.9453125, 514.9453125, 514.9453125, 514.9453125, 514.9453125, 514.9453125, 514.9453125, 514.9453125, 514.9453125, 514.9453125, 514.9453125, 516.9453125, 516.9453125, 516.9453125, 516.9453125, 516.9453125, 516.9453125, 516.9453125, 516.9453125, 516.9453125, 516.9453125, 518.9453125, 518.9453125, 518.9453125, 518.9453125, 518.9453125, 518.9453125, 518.9453125, 518.9453125, 518.9453125, 518.9453125, 518.9453125, 520.9453125, 520.9453125, 520.9453125, 520.9453125, 520.9453125, 520.9453125, 520.9453125, 520.9453125, 520.9453125, 520.9453125, 520.9453125, 522.9453125, 522.9453125, 522.9453125, 522.9453125, 522.9453125, 522.9453125, 522.9453125, 522.9453125, 522.9453125, 522.9453125, 522.9453125, 524.9453125, 524.9453125, 524.9453125, 524.9453125, 524.9453125, 524.9453125, 524.9453125, 524.9453125, 524.9453125, 524.9453125, 526.9453125, 526.9453125, 526.9453125, 526.9453125, 526.9453125, 526.9453125, 526.9453125, 526.9453125, 526.9453125, 526.9453125, 526.9453125, 528.9453125, 528.9453125, 528.9453125, 528.9453125, 528.9453125, 528.9453125, 528.9453125, 528.9453125, 528.9453125, 528.9453125, 528.9453125, 530.9453125, 530.9453125, 530.9453125, 530.9453125, 530.9453125, 530.9453125, 530.9453125, 530.9453125, 530.9453125, 530.9453125, 532.9453125, 532.9453125, 532.9453125, 532.9453125, 532.9453125, 532.9453125, 532.9453125, 532.9453125, 532.9453125, 532.9453125, 532.9453125, 534.9453125, 534.9453125, 534.9453125, 534.9453125, 534.9453125, 534.9453125, 534.9453125, 534.9453125, 534.9453125, 534.9453125, 534.9453125, 536.8828125, 536.8828125, 536.8828125, 536.8828125, 536.8828125, 536.8828125, 536.8828125, 536.8828125, 536.8828125, 536.8828125, 538.8828125, 538.8828125, 538.8828125, 538.8828125, 538.8828125, 538.8828125, 538.8828125, 538.8828125, 538.8828125, 538.8828125, 538.8828125, 540.8828125, 540.8828125, 540.8828125, 540.8828125, 540.8828125, 540.8828125, 540.8828125, 540.8828125, 540.8828125, 540.8828125, 540.8828125, 542.8828125, 542.8828125, 542.8828125, 542.8828125, 542.8828125, 542.8828125, 542.8828125, 542.8828125, 542.8828125, 542.8828125, 542.8828125, 544.8828125, 544.8828125, 544.8828125, 544.8828125, 544.8828125, 544.8828125, 544.8828125, 544.8828125, 544.8828125, 544.8828125, 546.8828125, 546.8828125, 546.8828125, 546.8828125, 546.8828125, 546.8828125, 546.8828125, 546.8828125, 546.8828125, 546.8828125, 546.8828125, 546.8828125, 547.21875, 623.83984375, 705.52734375, 816.62109375, 890.265625, 965.87890625, 1039.4609375, 1113.08984375, 1222.1328125, 1295.73828125, 1369.46875, 1824.546875, 1824.546875, 1824.546875, 1824.546875, 1824.546875, 1857.9453125, 1857.9453125, 1857.9453125, 1857.9453125, 1857.9453125, 1857.9453125, 1857.9453125, 1857.9453125, 1824.55078125, 1824.55078125, 1824.55078125, 1824.55078125, 1824.55078125, 1824.55078125, 1824.55078125, 1824.55078125, 1824.55078125, 1824.55078125, 1824.55078125, 1924.73828125, 1924.73828125, 1924.7421875, 1924.7421875, 1924.7421875, 1924.7421875, 1924.7421875, 1924.7421875, 1924.7421875, 1924.7421875, 1924.7421875, 1924.7421875, 1924.7421875, 1857.94921875, 1857.94921875, 1857.94921875, 1857.94921875, 1857.94921875, 1857.94921875, 1857.94921875, 1857.94921875, 1857.94921875, 1857.94921875, 1857.94921875, 1857.94921875, 1857.94921875, 1857.94921875, 1857.94921875, 1857.94921875, 147.2109375] 
Algorithm: Clu-GRAD (v1.5)
No. of (dataset) attributes: 15
No. of (dataset) tuples: 9357
Erasure probability: 0.9
Score vector iterations: 2
Minimum support: 0.5
Number of cores: 14
Number of patterns: 7
0. Date
1. Time
2. CO(GT)
3. PT08.S1(CO)
4. NMHC(GT)
5. C6H6(GT)
6. PT08.S2(NMHC)
7. NOx(GT)
8. PT08.S3(NOx)
9. NO2(GT)
10. PT08.S4(NO2)
11. PT08.S5(O3)
12. T
13. RH
14. AH

File: data/air_quality.csv

Pattern : Support
['12-', '14-'] : 0.771
['2-', '7-', '9-'] : 0.721
['5+', '6+'] : 0.997
['12+', '14+'] : 0.77
['3-', '5-', '6-', '8+', '11-'] : 0.661
['2+', '7+', '9+'] : 0.747
['3+', '8-', '11+'] : 0.71


Comparison : Estimated Support, True Support
['12-', '14-'] : 0.771, 0.769
['2-', '7-', '9-'] : 0.721, 0.714
['5+', '6+'] : 0.997, 0.994
['12+', '14+'] : 0.77, 0.769
['3-', '5-', '6-', '8+', '11-'] : 0.661, 0.66
['2+', '7+', '9+'] : 0.747, 0.714
['3+', '8-', '11+'] : 0.71, 0.71
