Run-time: 2767.2484426498413 seconds
Memory Usage (MiB): [118.1484375, 119.703125, 402.76171875, 402.91796875, 403.0234375, 403.37109375, 403.62890625, 405.78515625, 405.78515625, 405.78515625, 405.78515625, 405.78515625, 405.828125, 405.828125, 405.828125, 405.828125, 405.828125, 407.828125, 407.828125, 407.828125, 407.828125, 407.828125, 407.828125, 407.828125, 407.828125, 407.828125, 409.828125, 409.828125, 409.828125, 409.828125, 409.828125, 409.828125, 409.828125, 409.828125, 409.828125, 411.828125, 411.828125, 411.828125, 411.828125, 411.828125, 411.828125, 411.828125, 411.828125, 411.828125, 413.828125, 413.828125, 413.828125, 413.828125, 413.828125, 413.828125, 413.828125, 413.828125, 413.828125, 413.828125, 415.828125, 415.828125, 415.828125, 415.828125, 415.828125, 415.828125, 415.828125, 415.828125, 415.828125, 417.828125, 417.828125, 417.828125, 417.828125, 417.828125, 417.828125, 417.828125, 417.828125, 417.828125, 419.828125, 419.828125, 419.828125, 419.828125, 419.828125, 419.828125, 419.828125, 419.828125, 419.828125, 421.828125, 421.828125, 421.828125, 421.828125, 421.828125, 421.828125, 421.828125, 421.828125, 421.828125, 421.828125, 423.828125, 423.828125, 423.828125, 423.828125, 423.828125, 423.828125, 423.828125, 423.828125, 423.828125, 425.828125, 425.828125, 425.828125, 425.828125, 425.828125, 425.828125, 425.828125, 425.828125, 425.828125, 427.828125, 427.828125, 427.828125, 427.828125, 427.828125, 427.828125, 427.828125, 427.828125, 427.828125, 429.828125, 429.828125, 429.828125, 429.828125, 429.828125, 429.828125, 429.828125, 429.828125, 429.828125, 429.828125, 431.828125, 431.828125, 431.828125, 431.828125, 431.828125, 431.828125, 431.828125, 431.828125, 431.828125, 433.828125, 433.828125, 433.828125, 433.828125, 433.828125, 433.828125, 433.828125, 433.828125, 433.828125, 435.828125, 435.828125, 435.828125, 435.828125, 435.828125, 435.828125, 435.828125, 435.828125, 435.828125, 437.828125, 437.828125, 437.828125, 437.828125, 437.828125, 437.828125, 437.828125, 437.828125, 437.828125, 437.828125, 439.828125, 439.828125, 439.828125, 439.828125, 439.828125, 439.828125, 439.828125, 439.828125, 439.828125, 441.828125, 441.828125, 441.828125, 441.828125, 441.828125, 441.828125, 441.828125, 441.828125, 441.828125, 443.828125, 443.828125, 443.828125, 443.828125, 443.828125, 443.828125, 443.828125, 443.828125, 443.828125, 445.828125, 445.828125, 445.828125, 445.828125, 445.828125, 445.828125, 445.828125, 445.828125, 445.828125, 445.828125, 447.828125, 447.828125, 447.828125, 447.828125, 447.828125, 447.828125, 447.828125, 447.828125, 447.828125, 449.828125, 449.828125, 449.828125, 449.828125, 449.828125, 449.828125, 449.828125, 449.828125, 449.828125, 451.828125, 451.828125, 451.828125, 451.828125, 451.828125, 451.828125, 451.828125, 451.828125, 451.828125, 451.828125, 451.9140625, 452.1171875, 473.9296875, 543.38671875, 633.3515625, 699.22265625, 789.20703125, 881.34375, 947.25, 1037.30859375, 1127.34375, 1228.890625, 2372.23828125, 1873.02734375, 1873.02734375, 1873.02734375, 1873.5546875, 1873.5546875, 1873.5546875, 1873.5546875, 1873.5546875, 1873.5546875, 1873.5546875, 1873.5546875, 1873.5546875, 1873.5546875, 1873.5546875, 1873.5546875, 1873.5546875, 1873.5546875, 1873.5546875, 1873.5546875, 1873.5546875, 1873.5546875, 1873.5546875, 1873.5546875, 1873.55859375, 1873.55859375, 1873.55859375, 1873.55859375, 1873.55859375, 1873.55859375, 1873.55859375, 1886.43359375, 1886.43359375, 1886.43359375, 1886.43359375, 1886.43359375, 120.3359375] 
Algorithm: Clu-GRAD (v1.5)
No. of (dataset) attributes: 21
No. of (dataset) tuples: 8074
Erasure probability: 0.9
Score vector iterations: 2
Minimum support: 0.5
Number of cores: 14
Number of patterns: 6
0. date_time
1. id_site
2. Tpic
3. Dir
4. Etal
5. Tz
6. Hm0
7. Ts1
8. Ts2
9. Tc
10. Tav
11. Tint
12. Tp
13. EPS2
14. EPS4
15. Qp
16. S2
17. Tref
18. Tw
19. Batt
20. timestamp

File: data/directio8k.csv

Pattern : Support
['12-', '13-'] : 0.864
['2+', '14+'] : 0.836
['2-', '5-', '7-', '8-', '9-', '10-', '11-', '14-'] : 0.542
['5+', '8+', '9+', '10+', '11+'] : 0.718
['6+', '16+'] : 0.745
['7+', '12+', '13+'] : 0.795


Comparison : Estimated Support, True Support
['12-', '13-'] : 0.864, 0.865
['2+', '14+'] : 0.836, 0.822
['2-', '5-', '7-', '8-', '9-', '10-', '11-', '14-'] : 0.542, 0.533
['5+', '8+', '9+', '10+', '11+'] : 0.718, 0.714
['6+', '16+'] : 0.745, 0.741
['7+', '12+', '13+'] : 0.795, 0.796
