Run-time: 0.7631773948669434 seconds
Total allocated memory size: 260.2 KiB
Algorithm: GA-GRAANK (v2.0)
Search Space: Numeric
No. of (dataset) attributes: 11
No. of (dataset) tuples: 589
Population size: 8
PC: 0.776
Gamma: 0.746
Mu: 0.842
Sigma: 0.681
Number of iterations: 20
Number of cost evaluations: 240
Candidates: [3333658, 3155377, 3336588, 1553777, 2127945, 2587979, 1229955, 4194303, 1588507, 1309878, 4194303, 3098888, 3096631, 2651448, 966331, 4194303, 3717714, 3575476, 3777144, 4194303, 1469118, 1314613, 4194303, 3146133, 2677488, 2483145, 4194303, 2431455, 2219096, 2941537, 2190996, 4194303, 2684534, 2476099, 4194303, 4194303, 3288055, 4052380, 3280555, 523800, 3056376, 1056087, 556766, 560077, 4194303, 4194303, 1943333, 1993033, 2513507, 2204595, 4194303, 2045955, 3187942, 3238745, 1879422, 2387455, 1917543, 3243090, 4194303, 2430900, 2003041, 2109422, 2030411, 1194222, 2632890, 1171464, 2328900, 1714644, 3815045, 3659812, 4194303, 4194303, 3824901, 3649956, 4194303, 4194303, 3392908, 4081949, 3929008, 819449, 2506643, 2653990, 4194303, 4194303, 4008394, 4114916, 83994, 1149916, 3586711, 3622851, 4194303, 4194303, 890943, 4122808, 999433, 4194303, 1071131, 2598801, 771311, 4194303, 887393, 931488, 873933, 911888, 887659, 931222, 876699, 312222, 1323477, 2776526, 3234777, 4194303, 837526, 685706, 375526, 657066, 2636059, 2259279, 4194303, 2592779, 450669, 632757, 406699, 627577, 977392, 988371, 773922, 983311, 908730, 877049, 87300, 770499, 961949, 795283, 619499, 992283, 2255298, 1890267, 2552988, 4194303, 587182, 499550, 871122, 995500, 698178, 596120, 981788, 991200, 997183, 997749, 971833, 977499, 1003179, 3925261, 1031199, 4194303, 996614, 986129, 966144, 861299, 3581237, 3493903, 4194303, 4194303, 3122711, 893596, 1227111, 933966, 904027, 832615, 940277, 326155, 2150328, 1991304, 1103228, 4194303, 549109, 958001, 491099, 580011, 3103957, 1008319, 1009577, 83199, 967963, 981491, 679633, 814911, 950780, 2282652, 907800, 2886552, 655052, 639246, 550522, 392466, 794513, 975418, 945113, 754188, 886768, 883163, 887688, 831633, 969338, 996238, 693388, 992388, 925897, 827723, 258877, 277733, 985850, 975793, 858500, 757933, 857606, 879892, 876066, 798922, 690919, 799024, 909199, 990244, 1497356, 2648209, 4194303, 4194303, 628092, 694629, 220922, 646229, 2725629, 507803, 4194303, 78833, 411377, 671422, 413777, 714222]
Minimum support: 0.5
Number of cores: 14
Number of patterns: 2
Number of invalid patterns: 0

0. Age
1. ALB
2. ALP
3. ALT
4. AST
5. BIL
6. CHE
7. CHOL
8. CREA
9. GGT
10. PROT

File: data/hcv_data.csv

Pattern : Support
['0+', '7+'] : 0.547
['0+', '2+'] : 0.546


Iteration: Best Cost
0: 8.511362669163333e-05 
1: 8.511362669163333e-05 
2: 8.511362669163333e-05 
3: 7.637668983426258e-05 
4: 7.637668983426258e-05 
5: 4.903162539838196e-05 
6: 4.903162539838196e-05 
7: 4.903162539838196e-05 
8: 4.903162539838196e-05 
9: 4.903162539838196e-05 
10: 4.903162539838196e-05 
11: 4.903162539838196e-05 
12: 4.903162539838196e-05 
13: 4.903162539838196e-05 
14: 4.903162539838196e-05 
15: 4.903162539838196e-05 
16: 4.903162539838196e-05 
17: 4.903162539838196e-05 
18: 3.9791492578886634e-05 
19: 3.9791492578886634e-05 
