Run-time: 0.5384171009063721 seconds
Total allocated memory size: 261.7 KiB
Algorithm: PSO-GRAANK (v2.0)
Search Space: Numeric
No. of (dataset) attributes: 10
No. of (dataset) tuples: 116
Particle population: 19
Velocity coeff.: 0.9
Personal coeff.: 0.14
Global coeff.: 0.431
Number of iterations: 20
Number of cost evaluations: 380
Candidates: [134679, 160919, 113632, 99683, 102810, 13632, 128490, 250169, 173084, 252565, 108121, 75230, 260336, 8442, 235996, 212826, 84597, 137505, 130686, 13632.9, 107926.90704793097, 80764.6727035887, 65305.83401883503, 96543.09323568377, 13633.144426095634, 118828.98269470682, 149936.06822317076, 106278.51946118871, 164508.49381033488, 69187.74980271701, 56219.9380762147, 257281.00398096532, 9914.43703066789, 186528.1407019464, 210350.45139152597, 77031.35824665162, 103485.38587816939, 87215.57745399466, 13633.8, 67663.8878104928, 79316.73406770946, 44469.256181044744, 87173.3950925278, 13634.206798575131, 91036.90448944262, 113762.45348674593, 77242.5507332782, 142613.97317490916, 54632.688432182316, 42892.57916011391, 224145.67095748754, 10434.586691227887, 176341.76753270242, 150072.01696841605, 54846.020780124454, 74801.26090549654, 73005.75518178313, 10435.486691227887, 65936.06944772523, 71017.6649977945, 38805.12989002607, 59501.47482473958, 12811.270706978174, 65516.97681357794, 85857.04020533395, 65348.523029048214, 105835.69239713941, 44678.59682050223, 42336.36734104427, 167945.7804926829, 10435.548063374237, 167890.52610548204, 96058.34561229216, 38181.85106931779, 48504.16223294278, 59950.49514354379, 65936.96944772522, 65937.34484023579, 69292.27178615214, 40063.715070958286, 60603.72926864933, 35567.07598703581, 65666.71393946733, 83726.18532102605, 65570.87663212528, 94508.12373972085, 53775.40697294942, 51660.659509982404, 150711.85057446457, 12732.558779268547, 129676.25094833915, 85768.47741348876, 48104.57018163002, 48530.80546735751, 62026.37396282791, 65571.77663212527, 65857.71853147697, 67729.14846409643, 42859.20536896045, 61897.40127747235, 46620.22666383404, 65662.27446349263, 82451.18723692452, 65571.81010875163, 92005.27031203617, 53911.17621805774, 53061.788135017305, 144843.08992640235, 32676.962152229033, 104375.73001193942, 81041.68702339748, 54575.737720636826, 50412.04984444104, 62131.28821611933, 65858.61853147697, 65858.6933697876, 67204.611091377, 47266.431019610754, 63304.58771319789, 50916.60248721511, 65736.66539718492, 78192.1503488123, 65692.67322789229, 81378.72904427872, 55462.33836278929, 57189.09978430894, 140714.12668653886, 38094.78393864342, 101193.97001081647, 80693.45926316887, 54809.42772626532, 51184.39044281195, 63398.481795756554, 65859.51853147696, 65859.88597686934, 66734.8906024451, 51834.82978798511, 63579.71500756684, 56889.66593587382, 65784.37286686155, 75210.38826731782, 65734.38010518368, 80521.6407137665, 58023.9889339616, 58288.87874196175, 122150.46902924607, 48837.17654951026, 98723.81225314141, 80525.01639421847, 55111.90595712648, 56129.112141356105, 64395.73811987963, 58289.77874196175, 63446.391652216575, 66124.335409635, 54364.080399858576, 62291.22074493953, 57378.5678841465, 64708.403059908924, 73261.58786003034, 63622.07000080332, 71107.02513324594, 58126.657983214674, 58289.79748198972, 103172.78080401923, 49297.26198031513, 91398.45411913848, 73116.6078521167, 55545.65899843036, 56185.94791662831, 63178.514586365956, 57379.4678841465, 61758.42962540831, 63846.025316376516, 55368.14460022096, 60551.39182945671, 57379.57810165272, 63647.97356514243, 66576.9217571829, 60937.485936646146, 70474.39652429857, 57997.24732620172, 57966.53534587211, 98218.93734004576, 51718.57744839595, 88596.80581553886, 73008.57253116847, 55817.82412990581, 56244.11834867968, 62264.10184465738, 66577.8217571829, 63596.676264856535, 64107.96215539802, 55564.22683601495, 62871.70453654193, 58133.94271866449, 64785.660223033665, 66578.08087679197, 61358.17710591282, 68861.27528518229, 60861.61795034104, 61316.047235690145, 84913.31408197965, 57516.890968955326, 82399.84572189773, 71432.10396404094, 59327.36353836889, 58350.26278181986, 62507.77070946882, 71433.00396404094, 64825.269596179336, 67036.89537339039, 57530.498001145075, 63306.18543336716, 60875.91600776911, 67025.74405606854, 67999.33657365407, 65467.05141611046, 69040.30201584037, 62014.372552550114, 63500.28446650081, 82348.02222009176, 61081.01564725819, 81305.33033584482, 71433.0059158557, 61873.35860397213, 60650.54541160418, 63181.33745715229, 71433.90396404093, 67609.81419583735, 68450.03740021498, 59698.173602138246, 65403.26512301689, 65118.26715098818, 68087.11581130074, 69475.72137044898, 67433.08550843748, 69362.67596198249, 63470.918462722744, 65110.755299418415, 79432.74803577132, 63486.58078981708, 78112.41222444689, 71434.2258740977, 65665.65333859765, 60819.38600690186, 64664.1549745582, 65666.55333859765, 67031.15435025304, 67982.67841839307, 61905.026383728764, 65405.0733983343, 65237.42869101027, 67339.04216329154, 68176.35005201743, 67117.1769398787, 69290.66912870981, 64369.50340099927, 65316.74618404985, 77930.809554279, 63604.90962705772, 74692.4923327432, 69941.068271309, 65666.8613191675, 61614.11731840082, 64721.19902019456, 65667.45333859764, 66534.31658655067, 67659.01829110476, 62331.9250568949, 65497.96765718524, 65262.4115736982, 66786.06997563725, 67922.29533574494, 66731.01532842795, 68226.96549176089, 64524.67297997273, 65448.24017887402, 75641.29783653362, 64057.84134749026, 71374.58967373766, 68526.56765356625, 65667.92825726078, 62791.01568994355, 64797.71118905858, 68227.86549176088, 67073.6510846677, 67660.68171450123, 64366.57067463885, 65801.0997720537, 66392.2404319923, 67169.61843753887, 67984.79871651864, 66920.45019926273, 68228.18912641621, 65537.67195509204, 65788.69928993598, 73298.91968588899, 65308.65146459044, 70817.52328346383, 68520.51423235403, 66000.43805425183, 63145.120019586015, 64815.174142880336, 65538.57195509203, 67062.43327437264, 67328.21827871024, 64744.85821200869, 65741.7256729618, 66177.76194657931, 66669.93914875847, 67562.29157407852, 66554.27634463902, 68042.46850014444, 65538.58445576354, 65769.61723849633, 73177.7663018848, 65314.4288652947, 68641.85150107161, 68511.08583437822, 65901.89668378292, 63918.87147259825, 64918.26247227476, 65539.47195509203, 66779.5222600369, 66918.1752553419, 65071.35436801978, 65725.48289177885, 65990.93247981629, 66529.22282337383, 67161.09023265075, 66407.98150779972, 67936.55531225339, 65539.49593058984, 65703.01583131852, 72468.96386415597, 65411.474753789946, 68102.45322762981, 68204.7133289814, 65787.32873837875, 64534.39945919108, 65180.658291701424, 65991.83247981628, 66483.93238146266, 66911.02607153612, 65383.308545590895, 65731.1333125099, 65991.88767496556, 66516.1678509141, 66968.48449567414, 66325.22341168732, 67927.30730145004, 65570.48814755995, 65776.22833545436, 71689.31718023645, 65530.43415951563, 67235.53623339137, 67401.78211735206, 65796.92078749738, 64981.76497446751, 65439.11445362835, 65571.38814755995, 66385.8219585891, 66532.46659428148, 65425.50778173576, 65691.9672744779, 65931.37676764012, 66280.15479502648, 66820.9471689549, 66319.3570527307, 67511.35895405269, 65571.7151582732, 65742.91177853472, 71460.67222395763, 65535.73064335845, 66713.02796616885, 66755.92891578219, 65780.04233107014, 65063.02143961353, 65486.321585750506]
Minimum support: 0.5
Number of cores: 14
Number of patterns: 2
Number of invalid patterns: 29

0. Age
1. BMI
2. Glucose
3. Insulin
4. HOMA
5. Leptin
6. Adiponectin
7. Resistin
8. MCP.1
9. Classification

File: data/breast_cancer.csv

Pattern : Support
['0+', '4+'] : 0.507
['0+', '7-'] : 0.523


Iteration: Best Cost
0: 0.0008680555555555555 
1: 0.0008680555555555555 
2: 0.0008680555555555555 
3: 0.0006949270326615705 
4: 0.0005420054200542005 
5: 0.0005420054200542005 
6: 0.0005420054200542005 
7: 0.0005420054200542005 
8: 0.0005420054200542005 
9: 0.0005420054200542005 
10: 0.0005420054200542005 
11: 0.0005420054200542005 
12: 0.0005420054200542005 
13: 0.0005420054200542005 
14: 0.0005420054200542005 
15: 0.0003206155819172812 
16: 0.0002864508736751647 
17: 0.0002864508736751647 
18: 0.0002864508736751647 
19: 0.0002864508736751647 
