Run-time: 1.5829613208770752 seconds
Total allocated memory size: 285.7 KiB
Algorithm: PSO-GRAANK (v2.0)
Search Space: Numeric
No. of (dataset) attributes: 21
No. of (dataset) tuples: 522
Particle population: 19
Velocity coeff.: 0.9
Personal coeff.: 0.14
Global coeff.: 0.431
Number of iterations: 20
Number of cost evaluations: 380
Candidates: [199438873810, 234757329291, 1091590692885, 362029818836, 752384082072, 1060958408410, 390474021229, 625083869274, 294892828184, 910130864931, 908262203264, 1003804913826, 1001186559365, 122462855717, 305678228821, 545626515459, 810199558105, 629151388851, 703581475578, 910130864931.9, 499485373670.00574, 1065427792900.4585, 582276349705.646, 758411776638.5055, 1009289700554.7776, 449717778424.3641, 732126254277.2043, 549087837778.6279, 910130864932.1957, 908276096170.1941, 993014084980.0574, 999536793689.2009, 172505739394.4881, 331354166347.829, 658684626373.1956, 847620881324.1987, 632420270675.1277, 730552675937.8037, 172505739395.3881, 365621285677.93353, 806334463636.4487, 519269960181.9999, 582004231852.6544, 996250414090.613, 423774027984.3224, 522575075000.55347, 525154785237.76935, 838449093321.6036, 833925981497.6248, 915705382370.4484, 924366134991.1598, 172505739395.53406, 330580384686.3684, 635158348919.9648, 744539738768.468, 585418760319.5103, 561626358197.9419, 172505739396.2881, 301459744001.4924, 556428186939.1222, 517707700367.1641, 440075570545.086, 747756416455.4768, 408640832121.0932, 444713884962.789, 465134796622.4989, 795385497228.4196, 609873903603.251, 606786999231.5868, 686521667716.3625, 172505739396.45547, 293244602467.1046, 530315726963.78015, 574501733886.0173, 441168330010.2925, 503188587273.93726, 172505739397.18808, 247390950885.11804, 515206971087.4485, 510254081322.9318, 366607872037.33905, 557489223456.5625, 360830025477.6427, 401566103581.3211, 397275843514.5203, 707930570097.5566, 552252297514.663, 513690669574.29614, 598618363409.1044, 172505739397.42252, 273294473155.33752, 410366608853.43274, 533162981613.332, 328043550047.42584, 363999732341.6782, 401566103582.2211, 252661290409.5363, 501289756581.57947, 486247988195.7206, 368792734551.73566, 538017513254.40063, 361801002454.63336, 401566103582.2962, 397474368823.34033, 682287173720.3877, 503028794988.7958, 476840590511.5557, 577287654797.2892, 270017408844.8095, 299993962603.40063, 409076201675.25946, 498826314304.55084, 330478125727.9914, 369105655602.8494, 401566103583.12115, 302363331591.07904, 462527262148.6988, 462537975290.7065, 372842115775.5047, 537662994579.93005, 375246221631.81134, 401566103583.3279, 399017647748.70886, 563048680687.0684, 470340446975.83124, 456163086519.99164, 537574829342.18787, 318876584895.0259, 321302507722.1697, 406290518529.7318, 462179589391.69196, 333127388563.3677, 377726549599.99414, 401566103584.0212, 308984733113.5092, 438635201950.1852, 448998869156.8599, 374681701610.18506, 529539427663.47705, 376239929240.69147, 401566103584.3234, 399702691419.25183, 495093392446.0833, 469988703195.9675, 455169135420.1451, 512298410355.26465, 319315126897.5099, 330202303250.6233, 405271138857.0093, 447317890263.80994, 360850857406.114, 380808095993.1745, 512298410356.1647, 343131211917.88837, 439775884717.9073, 456577780167.29535, 432035197810.9868, 524976204338.5142, 424145541782.67346, 449105850985.63947, 426740465337.2427, 497618810110.6503, 479095984547.81354, 477249434326.97687, 512298410356.5445, 320428114773.3548, 378135895337.7394, 408872017609.4764, 450995395957.533, 361564666841.5977, 424056571162.8806, 512298410357.0647, 372959776196.94006, 447849037855.9621, 479231364021.8141, 463996784886.20776, 524053174952.0402, 434328714552.3521, 457063893062.1005, 445805621270.46985, 499025837889.5394, 491033166820.92456, 486059984109.7053, 512298410357.4525, 370159011454.0752, 405937588259.5697, 433010084795.9557, 469019722889.83734, 418247905456.8983, 460442414295.29486, 512298410357.9647, 373876530480.30756, 467477158386.1662, 489291080375.5292, 480279849805.391, 521723676362.97205, 440782802085.303, 474210551264.8154, 465514304882.5689, 502562986081.7745, 491700094874.2299, 494887304665.4473, 512298410358.56146, 390126897936.82623, 439603477950.17847, 448069378943.1713, 485336612316.7932, 420800547683.67334, 466088815795.0321, 512298410359.4615, 378048554336.47314, 483316779288.2745, 489510992009.26245, 485223768930.93024, 521368520263.33624, 470636660043.0073, 484873409634.1808, 469652887519.342, 503204118541.0013, 493172631808.05554, 495822697051.36743, 512298410359.8126, 435706890062.6342, 461276996636.54456, 474008803184.3967, 489780218969.80194, 422096651310.91785, 482356825786.12305, 512298410360.3615, 385228740676.88684, 485407157901.03467, 491045345455.99817, 490570701083.03217, 519315269079.8401, 472393737751.5625, 484892135314.16846, 476508183054.00195, 503922216736.22784, 501228480403.98584, 501360623470.10876, 512298410360.73785, 450507326942.49695, 473707472956.0546, 484934634761.5767, 494356384182.51556, 459599595605.12036, 486668341295.6744, 512298410361.26154, 401537202868.19934, 495541459260.91626, 497547124463.72614, 498924459092.98694, 517902684338.29846, 480511525948.7193, 494967705684.3806, 490819353950.9648, 505023544572.8387, 504792622630.4431, 502895672492.55554, 512298410361.6769, 451852180115.9193, 477131731228.4332, 494908796312.02, 495984568022.6203, 463883231064.35114, 493519032725.4828, 512298410362.16156, 412282962757.6844, 498434235466.4885, 501499620836.9117, 503302094740.5665, 515758907350.98926, 485905994705.49835, 501799143712.338, 491643575918.5579, 506879310064.488, 505787318802.8779, 503844690473.9818, 512298410362.7321, 473273669576.8375, 482697619333.2714, 502126239007.3, 497515752390.3725, 466524650789.3919, 497293596593.8634, 506879310065.388, 447048279621.76154, 501062003375.76666, 503623340131.29675, 503864606270.8776, 513301798543.51025, 489715058398.83405, 502648747340.6298, 492087074589.24164, 506879310065.4788, 505833773120.9198, 504718126795.65533, 510562179156.61896, 474284177819.2677, 485296341443.3512, 502696694980.99133, 500795666280.1036, 468532639923.7627, 500179492227.6756, 506879310066.288, 466236794009.3247, 502206871737.78687, 503855983470.54395, 503964160140.50464, 512980808900.9545, 495956253211.0149, 503346527742.4697, 492377754121.2934, 506879310066.4559, 506129863833.51117, 505332666396.50977, 510041549040.2584, 480059033337.25195, 493097555423.6334, 503087737496.7149, 502756431772.70166, 475745595464.61554, 502807493944.65546, 512980808901.85455, 479382402625.8895, 504990477499.88776, 504998045290.97925, 507712032297.40424, 512980808901.95856, 502066249758.2373, 504558927558.27686, 493911821481.5021, 509447234572.5576, 506292573413.49493, 505733195016.27594, 510735820598.16174, 492735702551.5128, 493607026872.12384, 505200775325.64667, 505765045821.77686, 485242002059.5371, 503877802614.1595, 503877802615.0595, 483299775775.6281, 504781001171.4771, 504689462973.46783, 506361526914.3133, 512861390283.219, 502742824729.39545, 504290058987.4899, 496741655940.3936, 508056351417.73413, 505505917733.1806, 505004371468.2923, 509463698152.464, 492912357769.2222, 496331027913.24176, 505186985923.1437, 505337556582.9927, 489410387775.4094, 503877802615.2556, 503877802615.95953, 485797466872.2908, 504585741595.6833, 504632643737.90924, 505827628437.88464, 511287718921.55365, 503224891259.8062, 504150887555.1539, 498889642591.5608, 506651390016.7748, 505181680186.0544, 504773475171.7568, 508116202327.2762, 495898657729.0039, 499464206463.4582, 505049474066.23175, 505195004215.8416, 492889506018.13824, 503877802616.3893]
Minimum support: 0.5
Number of cores: 14
Number of patterns: 3
Number of invalid patterns: 111

0. Date
1. BUDAPEST
2. BARANYA
3. BACS
4. BEKES
5. BORSOD
6. CSONGRAD
7. FEJER
8. GYOR
9. HAJDU
10. HEVES
11. JASZ
12. KOMAROM
13. NOGRAD
14. PEST
15. SOMOGY
16. SZABOLCS
17. TOLNA
18. VAS
19. VESZPREM
20. ZALA

File: data/hungary_chickenpox.csv

Pattern : Support
['1+', '4+', '5+', '6+'] : 0.504
['1+', '2+', '5+', '6+'] : 0.517
['1+', '2+', '3+', '4+'] : 0.531


Iteration: Best Cost
0: 0.009708737864077669 
1: 0.000493339911198816 
2: 0.000493339911198816 
3: 0.000493339911198816 
4: 0.000493339911198816 
5: 0.000493339911198816 
6: 0.000493339911198816 
7: 0.000493339911198816 
8: 3.132930229643786e-05 
9: 3.132930229643786e-05 
10: 3.132930229643786e-05 
11: 3.132930229643786e-05 
12: 3.0369290573372204e-05 
13: 3.0369290573372204e-05 
14: 3.0369290573372204e-05 
15: 3.0369290573372204e-05 
16: 3.0369290573372204e-05 
17: 3.0369290573372204e-05 
18: 3.0369290573372204e-05 
19: 3.0369290573372204e-05 
