Run-time: 0.3916292190551758 seconds
Total allocated memory size: 257.4 KiB
Algorithm: GA-GRAANK (v1.0)
Search Space: Bitmap
No. of (dataset) attributes: 10
No. of (dataset) tuples: 116
Population size: 8
PC: 0.776
Gamma: 0.746
Mu: 0.842
Sigma: 0.681
Number of iterations: 20
Number of cost evaluations: 240
Candidates: [172646.0, 106842.0, 174694.0, 107866.0, 107878.0, 154261.0, 107878.0, 154261.0, 27285.0, 22186.0, 92821.0, 87722.0, 88725.0, 173418.0, 88725.0, 173418.0, 153258.0, 154261.0, 153258.0, 154261.0, 91557.0, 107866.0, 91557.0, 107866.0, 91557.0, 107866.0, 91557.0, 107866.0, 91557.0, 107866.0, 91557.0, 107866.0, 107878.0, 91557.0, 107878.0, 91557.0, 107866.0, 154261.0, 107866.0, 154261.0, 107866.0, 154261.0, 107866.0, 154261.0, 91557.0, 107866.0, 91557.0, 107866.0, 107866.0, 107866.0, 107866.0, 107866.0, 107866.0, 107866.0, 107866.0, 107866.0, 107866.0, 107866.0, 107866.0, 107866.0, 107866.0, 107866.0, 107866.0, 107866.0, 107866.0, 107866.0, 107866.0, 107866.0, 107866.0, 107866.0, 107866.0, 107866.0, 107866.0, 107866.0, 107866.0, 107866.0, 107866.0, 107866.0, 107866.0, 107866.0, 107866.0, 107866.0, 107866.0, 107866.0, 107866.0, 107866.0, 107866.0, 107866.0, 107866.0, 107866.0, 107866.0, 107866.0, 107866.0, 107866.0, 107866.0, 107866.0, 107866.0, 107866.0, 107866.0, 107866.0, 107866.0, 107866.0, 107866.0, 107866.0, 107866.0, 107866.0, 107866.0, 107866.0, 107866.0, 107866.0, 107866.0, 107866.0, 107866.0, 107866.0, 107866.0, 107866.0, 107866.0, 107866.0, 107866.0, 107866.0, 107866.0, 107866.0, 107866.0, 107866.0, 107866.0, 107866.0, 107866.0, 107866.0, 107866.0, 107866.0, 107866.0, 107866.0, 107866.0, 107866.0, 107866.0, 107866.0, 107866.0, 107866.0, 107866.0, 107866.0, 107866.0, 107866.0, 107866.0, 107866.0, 107866.0, 107866.0, 107866.0, 107866.0, 107866.0, 107866.0, 107866.0, 107866.0, 107866.0, 107866.0, 107866.0, 107866.0, 107866.0, 107866.0, 107866.0, 107866.0, 107866.0, 107866.0, 107866.0, 107866.0, 107866.0, 107866.0, 107866.0, 107866.0, 107866.0, 107866.0, 107866.0, 107866.0, 107866.0, 107866.0, 107866.0, 107866.0, 107866.0, 107866.0, 107866.0, 107866.0, 107866.0, 107866.0, 107866.0, 107866.0, 107866.0, 107866.0, 107866.0, 107866.0, 107866.0, 107866.0, 107866.0, 107866.0, 107866.0, 107866.0, 107866.0, 107866.0, 107866.0, 107866.0, 107866.0, 107866.0, 107866.0, 107866.0, 107866.0, 107866.0, 107866.0, 107866.0, 107866.0, 107866.0, 107866.0, 107866.0, 107866.0, 107866.0, 107866.0, 107866.0, 107866.0, 107866.0, 107866.0, 107866.0, 107866.0, 107866.0, 107866.0, 107866.0, 107866.0, 107866.0, 107866.0, 107866.0, 107866.0, 107866.0, 107866.0, 107866.0, 107866.0, 107866.0, 107866.0, 107866.0, 107866.0, 107866.0, 107866.0, 107866.0, 107866.0, 107866.0]
Minimum support: 0.5
Number of cores: 14
Number of patterns: 0
Number of invalid patterns: 4

0. Age
1. BMI
2. Glucose
3. Insulin
4. HOMA
5. Leptin
6. Adiponectin
7. Resistin
8. MCP.1
9. Classification

File: data/breast_cancer.csv

Pattern : Support


Iteration: Best Cost
0: 0.0023584905660377358 
1: 0.0023584905660377358 
2: 0.0023584905660377358 
3: 0.0023584905660377358 
4: 0.0023584905660377358 
5: 0.0023584905660377358 
6: 0.0023584905660377358 
7: 0.0023584905660377358 
8: 0.0023584905660377358 
9: 0.0023584905660377358 
10: 0.0023584905660377358 
11: 0.0023584905660377358 
12: 0.0023584905660377358 
13: 0.0023584905660377358 
14: 0.0023584905660377358 
15: 0.0023584905660377358 
16: 0.0023584905660377358 
17: 0.0023584905660377358 
18: 0.0023584905660377358 
19: 0.0023584905660377358 
