Run-time: 522.4719445705414 seconds
Total allocated memory size: 281.4 KiB
Algorithm: GA-GRAANK (v1.0)
Search Space: Bitmap
No. of (dataset) attributes: 21
No. of (dataset) tuples: 8074
Population size: 8
PC: 0.776
Gamma: 0.746
Mu: 0.842
Sigma: 0.681
Number of iterations: 20
Number of cost evaluations: 240
Candidates: [1432967723.0, 1788257559.0, 1432967786.0, 1788257622.0, 2707842650.0, 1368758950.0, 2774951514.0, 1502976678.0, 1770411290.0, 1782949413.0, 1771459994.0, 1785046693.0, 2728831650.0, 1381603665.0, 2863049382.0, 1448712537.0, 1432967721.0, 1788257557.0, 1432967849.0, 1788257621.0, 1789240981.0, 1502976678.0, 1789240981.0, 1502976678.0, 1515821393.0, 1768314258.0, 1515821401.0, 1768314266.0, 1385535893.0, 1381325465.0, 1452644757.0, 1515543193.0, 1768314130.0, 1771394593.0, 1768314198.0, 1771394665.0, 1771459994.0, 1771394665.0, 1771459994.0, 1771394665.0, 1771459994.0, 1502976678.0, 1771459994.0, 1502976678.0, 1772443289.0, 1784059238.0, 1772443289.0, 1784059238.0, 1789306262.0, 1771394665.0, 1789306262.0, 1771394665.0, 1771459994.0, 1771459994.0, 1771459994.0, 1771459994.0, 1771459994.0, 1502976678.0, 1771459994.0, 1502976678.0, 1771394665.0, 1771394665.0, 1771394665.0, 1771394665.0, 1771394665.0, 1771459994.0, 1771394665.0, 1771459994.0, 1771459994.0, 1771394665.0, 1771459994.0, 1771394665.0, 1771394665.0, 1771459994.0, 1771394665.0, 1771459994.0, 1771394665.0, 1771394665.0, 1771394665.0, 1771394665.0, 1771394665.0, 1771459994.0, 1771394665.0, 1771459994.0, 1771394665.0, 1771394665.0, 1771394665.0, 1771394665.0, 1771394665.0, 1771394665.0, 1771394665.0, 1771394665.0, 1771394665.0, 1771394665.0, 1771394665.0, 1771394665.0, 1771394665.0, 1771394665.0, 1771394665.0, 1771394665.0, 1771394665.0, 1771394665.0, 1771394665.0, 1771394665.0, 1771394665.0, 1771394665.0, 1771394665.0, 1771394665.0, 1771394665.0, 1771394665.0, 1771394665.0, 1771394665.0, 1771394665.0, 1771394665.0, 1771394665.0, 1771394665.0, 1771394665.0, 1771394665.0, 1771394665.0, 1771394665.0, 1771394665.0, 1771394665.0, 1771394665.0, 1771394665.0, 1771394665.0, 1771394665.0, 1771394665.0, 1771394665.0, 1771394665.0, 1771394665.0, 1771394665.0, 1771394665.0, 1771394665.0, 1771394665.0, 1771394665.0, 1771394665.0, 1771394665.0, 1771394665.0, 1771394665.0, 1771394665.0, 1771394665.0, 1771394665.0, 1771394665.0, 1771394665.0, 1771394665.0, 1771394665.0, 1771394665.0, 1771394665.0, 1771394665.0, 1771394665.0, 1771394665.0, 1771394665.0, 1771394665.0, 1771394665.0, 1771394665.0, 1771394665.0, 1771394665.0, 1771394665.0, 1771394665.0, 1771394665.0, 1771394665.0, 1771394665.0, 1771394665.0, 1771394665.0, 1771394665.0, 1771394665.0, 1771394665.0, 1771394665.0, 1771394665.0, 1771394665.0, 1771394665.0, 1771394665.0, 1771394665.0, 1771394665.0, 1771394665.0, 1771394665.0, 1771394665.0, 1771394665.0, 1771394665.0, 1771394665.0, 1771394665.0, 1771394665.0, 1771394665.0, 1771394665.0, 1771394665.0, 1771394665.0, 1771394665.0, 1771394665.0, 1771394665.0, 1771394665.0, 1771394665.0, 1771394665.0, 1771394665.0, 1771394665.0, 1771394665.0, 1771394665.0, 1771394665.0, 1771394665.0, 1771394665.0, 1771394665.0, 1771394665.0, 1771394665.0, 1771394665.0, 1771394665.0, 1771394665.0, 1771394665.0, 1771394665.0, 1771394665.0, 1771394665.0, 1771394665.0, 1771394665.0, 1771394665.0, 1771394665.0, 1771394665.0, 1771394665.0, 1771394665.0, 1771394665.0, 1771394665.0, 1771394665.0, 1771394665.0, 1771394665.0, 1771394665.0, 1771394665.0, 1771394665.0, 1771394665.0, 1771394665.0, 1771394665.0, 1771394665.0, 1771394665.0, 1771394665.0, 1771394665.0, 1771394665.0, 1771394665.0, 1771394665.0, 1771394665.0, 1771394665.0, 1771394665.0, 1771394665.0, 1771394665.0, 1771394665.0]
Minimum support: 0.5
Number of cores: 14
Number of patterns: 1
Number of invalid patterns: 42

0. date_time
1. id_site
2. Tpic
3. Dir
4. Etal
5. Tz
6. Hm0
7. Ts1
8. Ts2
9. Tc
10. Tav
11. Tint
12. Tp
13. EPS2
14. EPS4
15. Qp
16. S2
17. Tref
18. Tw
19. Batt
20. timestamp

File: data/directio8k.csv

Pattern : Support
['3-', '12+', '13+', '14+'] : 0.552


Iteration: Best Cost
0: 3.549207994236086e-06 
1: 3.549207994236086e-06 
2: 3.549207994236086e-06 
3: 3.549207994236086e-06 
4: 3.549207994236086e-06 
5: 3.549207994236086e-06 
6: 3.549207994236086e-06 
7: 3.549207994236086e-06 
8: 3.549207994236086e-06 
9: 3.549207994236086e-06 
10: 3.549207994236086e-06 
11: 3.549207994236086e-06 
12: 3.549207994236086e-06 
13: 3.549207994236086e-06 
14: 3.549207994236086e-06 
15: 3.549207994236086e-06 
16: 3.549207994236086e-06 
17: 3.549207994236086e-06 
18: 3.549207994236086e-06 
19: 3.549207994236086e-06 
