Run-time: 1.3785614967346191 seconds
Total allocated memory size: 284.1 KiB
Algorithm: GA-GRAANK (v1.0)
Search Space: Bitmap
No. of (dataset) attributes: 21
No. of (dataset) tuples: 522
Population size: 12
PC: 0.5
Gamma: 529
Mu: 0.856
Sigma: 0.209
Number of iterations: 20
Number of cost evaluations: 240
Candidates: [643755711125.0, 458787939946.0, 642812058261.0, 457773049450.0, 457777178217.0, 641734433110.0, 457777178217.0, 641734433110.0, 453763242982.0, 645748385754.0, 453763242342.0, 645748385178.0, 646775928234.0, 710446332517.0, 646771729834.0, 710442130021.0, 710444099178.0, 457795983973.0, 710437873258.0, 457792903781.0, 641668244840.0, 457843172964.0, 641668310378.0, 457843304037.0, 647037019496.0, 435227630228.0, 647037019497.0, 435227630230.0, 440579238554.0, 727533655397.0, 440613317274.0, 727550694757.0, 456774805089.0, 642749404578.0, 456770610789.0, 642745210282.0, 436569794222.0, 663143160173.0, 436569794218.0, 663143160169.0, 727570815662.0, 372142138733.0, 727570815658.0, 372142138725.0, 647112342121.0, 452411881046.0, 647103949417.0, 452407678550.0, 452697691802.0, 664005601877.0, 452693759642.0, 664001669717.0, 710444099178.0, 457795983973.0, 710441084522.0, 457789758053.0, 1006588549718.0, 917758110057.0, 731643533910.0, 367935187305.0, 457055825258.0, 641382063769.0, 457055824234.0, 641382062745.0, 440851143337.0, 727607518566.0, 440865823401.0, 727622198630.0, 645761885800.0, 453749532004.0, 645762016874.0, 453749663078.0, 779156690327.0, 526781995627.0, 641717671318.0, 458062453354.0, 727540409702.0, 440918252201.0, 727571866982.0, 440932932265.0, 452780788138.0, 646792710741.0, 452755626410.0, 646767549013.0, 430917194137.0, 707198820966.0, 435245717913.0, 711527344742.0, 711468357990.0, 388256388761.0, 711464687974.0, 388252456601.0, 630670858582.0, 420534987433.0, 663948466518.0, 435563178665.0, 384062035369.0, 732691589722.0, 384041588137.0, 732650170970.0, 457977390437.0, 641315936922.0, 458044564837.0, 641450285722.0, 461300472474.0, 651348764005.0, 456971950746.0, 642742052197.0, 731870550374.0, 367854196377.0, 731866880358.0, 367850526361.0, 732691589722.0, 384062035369.0, 732650170970.0, 384037131689.0, 441673931422.0, 661070653805.0, 439518583446.0, 658919500133.0, 453749611182.0, 645963343213.0, 453749611178.0, 645963343205.0, 645748385754.0, 453763242982.0, 645748385178.0, 453763242406.0, 655960934522.0, 431470314677.0, 659987732842.0, 439792346533.0, 646792710746.0, 452780788133.0, 646767549018.0, 452755630501.0, 641315936922.0, 457977390437.0, 641450285722.0, 458044564837.0, 1002494929542.0, 921649371461.0, 727617022630.0, 646771464549.0, 642993247585.0, 440075922066.0, 642456638821.0, 439808010902.0, 706145969510.0, 638178597529.0, 710441002342.0, 646768663193.0, 435585177002.0, 663939033685.0, 435576788394.0, 663934839381.0, 431284962794.0, 655340702426.0, 435579934122.0, 659635673754.0, 365853759909.0, 730636921434.0, 367934134693.0, 732650187354.0, 664292194905.0, 435232028262.0, 664287996505.0, 435223631462.0, 709430499669.0, 387060181674.0, 711443765589.0, 389073447594.0, 869086616156.0, 848900285804.0, 662928185946.0, 642741855590.0, 367598606981.0, 714732102986.0, 367598607013.0, 714732103018.0, 732650187354.0, 366790141285.0, 732650187354.0, 366790141285.0, 646775928234.0, 710446332517.0, 646771729834.0, 710442130021.0, 919770847593.0, 984242611542.0, 372162255209.0, 436634019158.0, 384040278442.0, 732650187354.0, 384040278442.0, 732650187354.0, 439518583446.0, 642744952170.0, 439518583446.0, 642744952170.0, 435513894313.0, 439518583446.0, 435513894313.0, 439518583446.0, 732650187354.0, 384040278442.0, 732650187354.0, 384040278442.0, 384040278442.0, 732650187354.0, 384040278442.0, 732650187354.0, 439518583446.0, 439518583446.0, 439518583446.0, 439518583446.0, 732650187354.0, 439518583446.0, 732650187354.0, 439518583446.0, 732650187354.0, 732650187354.0, 732650187354.0, 732650187354.0, 659635673754.0, 714736297322.0, 659635673754.0, 714736297322.0, 439518583446.0, 439518583446.0, 439518583446.0, 439518583446.0, 732650187354.0, 439518583446.0, 732650187354.0, 439518583446.0, 439518583446.0, 732650187354.0, 439518583446.0, 732650187354.0]
Minimum support: 0.5
Number of cores: 14
Number of patterns: 1
Number of invalid patterns: 192

0. Date
1. BUDAPEST
2. BARANYA
3. BACS
4. BEKES
5. BORSOD
6. CSONGRAD
7. FEJER
8. GYOR
9. HAJDU
10. HEVES
11. JASZ
12. KOMAROM
13. NOGRAD
14. PEST
15. SOMOGY
16. SZABOLCS
17. TOLNA
18. VAS
19. VESZPREM
20. ZALA

File: data/hungary_chickenpox.csv

Pattern : Support
['1+', '5+', '18+'] : 0.582


Iteration: Best Cost
0: 0.008849557522123894 
1: 0.008849557522123894 
2: 0.008849557522123894 
3: 0.008849557522123894 
4: 0.008849557522123894 
5: 0.008849557522123894 
6: 0.008849557522123894 
7: 0.008849557522123894 
8: 0.008849557522123894 
9: 0.008849557522123894 
10: 0.008849557522123894 
11: 0.008849557522123894 
12: 0.008849557522123894 
13: 0.008849557522123894 
14: 0.008849557522123894 
15: 0.008849557522123894 
16: 0.008849557522123894 
17: 0.008849557522123894 
18: 0.008849557522123894 
19: 0.008849557522123894 
