Run-time: 1.5967202186584473 seconds
Total allocated memory size: 288.3 KiB
Algorithm: PSO-GRAANK (v2.0)
Search Space: Numeric
No. of (dataset) attributes: 21
No. of (dataset) tuples: 522
Particle population: 19
Velocity coeff.: 0.9
Personal coeff.: 0.14
Global coeff.: 0.431
Number of iterations: 20
Number of cost evaluations: 380
Candidates: [922377148917, 751576517005, 974429455646, 572845938528, 721469077848, 526514499596, 724310503940, 980066959772, 50628889243, 356478784288, 701298545925, 568155232580, 36605442087, 369341698661, 475317494187, 58473832137, 240634946873, 246006747159, 133529394091, 980066959772.9, 801722083967.0101, 974940145047.7787, 682194820857.2043, 824149280860.0332, 692398012235.6196, 813846997124.3115, 980066959773.1528, 367392122393.40845, 623772897887.9397, 727939914994.8182, 655300601092.8262, 416580625325.99445, 583611232769.5195, 548093514525.5106, 429651864739.81525, 327611935169.72534, 415411243464.00476, 320528105946.72015, 824149280860.9332, 809568952093.4851, 940675962610.6704, 714975930621.4491, 824149280861.3046, 727142220049.1775, 813992536835.4062, 940271053243.8151, 421917474189.67175, 661422174628.3145, 728594404636.3256, 689542569825.5416, 418445073332.1346, 662185910803.1632, 556941775630.1575, 461517056978.17334, 397294612905.76587, 548695458380.47974, 380060980171.3229, 824149280861.8333, 815535949203.9138, 920372404696.4089, 725458197847.7747, 824149280862.3864, 736291834888.4889, 815807604441.375, 937386491369.3771, 532042765846.10144, 686811803175.7864, 729788190577.6383, 712269863693.7477, 440842919503.47906, 666412768774.4994, 665410588623.241, 538761090909.6307, 459595759999.5192, 558718205134.8563, 514730742035.8876, 514730742036.7876, 687690572602.0334, 912708753368.6958, 649012772360.4745, 784392055998.9867, 699490505824.8496, 781104212761.2661, 848673007363.5724, 529273036625.48834, 676672164733.0862, 672771932868.6346, 682510500701.3794, 452259255184.82544, 607788016264.4614, 663038201478.4977, 531813372649.71686, 481039481473.88367, 541838470123.3249, 514730742036.9122, 514730742037.6876, 662061627738.9788, 783337523979.6539, 625638400644.965, 729969309469.9349, 679778616912.9797, 765424112302.9819, 806710203679.7151, 526458468314.3513, 637619655000.1124, 634868339918.0496, 677668779865.3846, 469519813825.60974, 592164968186.1089, 601606554536.0004, 527909055595.2212, 484585936882.397, 535273040590.6021, 514730742037.9283, 514730742038.58765, 660592769529.4084, 777177175050.2983, 615030463364.8853, 697715098183.6041, 630879293160.5374, 718888046160.6273, 736181563743.0188, 524602540835.5301, 608288626780.4575, 622122853505.4834, 676968548052.1302, 485689049380.0479, 585930610273.4918, 567602479082.1703, 526204682849.9793, 496011327577.67377, 526775826219.50006, 514730742038.9596, 514730742039.4877, 648074648484.959, 722495280653.7328, 574610056396.3264, 661328186684.8058, 617823546237.5903, 691309072037.634, 643744133997.8551, 520896979011.9892, 601308242461.4974, 588813681214.1364, 659515004852.0322, 491473183246.7437, 579629928304.6721, 549513130626.5191, 522471339797.0884, 496392913074.2381, 521678243848.9261, 514730742039.8691, 514730742040.3877, 626436992056.7023, 668747123372.3523, 573598865997.8999, 604021271113.1597, 588707105421.7207, 616091596152.9401, 633577802462.25, 520079117103.3749, 587943879361.9906, 567817041097.1241, 655878013223.5531, 494563301062.83777, 555195704461.4774, 548220794786.53284, 520489852647.3152, 500234438348.2209, 521537003300.0188, 514730742040.95087, 514730742041.2877, 599357553114.6765, 612758696966.1243, 563980792139.7454, 601588101669.2885, 577030270648.1509, 605299708530.9696, 596977088538.1764, 518274468898.10535, 581177209668.6945, 547717431578.8548, 603058183717.0182, 497068117329.91565, 554318136574.6768, 544451990496.30145, 519394574965.0635, 500808793332.755, 520098982336.61096, 514730742041.8885, 514730742042.18774, 572132739950.8618, 603780183241.4305, 547965837478.7892, 588162487482.7888, 569936387640.9231, 574576071036.7623, 572680248366.6503, 517996165910.28723, 559357901813.6783, 536562826934.7446, 570552278579.439, 498397613992.7444, 550919862569.4473, 540271302521.5843, 518049304163.7323, 504000770928.8647, 519042311013.7254, 514730742042.8906, 514730742043.08777, 560604139550.7148, 586072623634.3246, 546617120477.83777, 584195768023.951, 553261251061.8641, 572688667435.0042, 565963732713.3508, 517404821948.5905, 546079155068.7876, 536156781207.1282, 558616108993.2317, 500362779148.37335, 543055508841.231, 537857945036.1532, 517937702015.47156, 506951255095.2279, 519013049297.7964, 514730742043.86896, 514730742043.9878, 543987090675.0193, 580804883086.4471, 538002233143.3173, 582549281544.9434, 552839890317.7234, 559705588376.2961, 549248429345.89325, 516724764247.4194, 538266072904.9019, 529847691162.687, 540765064442.69324, 505963393325.5619, 537951418089.0331, 537140378540.8711, 517509645803.66925, 509722230514.2029, 517457578978.384, 514730742044.81415, 514730742045.7142, 535015129717.67834, 563401246334.4421, 535874253079.6024, 557710109432.714, 548818194699.40985, 556990061304.1957, 545440606568.4101, 516594813139.44336, 533920587657.7961, 525637699048.0249, 537436566865.6298, 509673752615.9333, 529911709266.53125, 529979875184.4878, 516614812659.90924, 510796207088.6804, 516771355982.0691, 514730742045.7584, 514730742046.6142, 532793670610.49243, 554369059228.6814, 533239189747.53033, 541878237229.57904, 536899403636.8828, 543862963140.97546, 545233466192.39087, 516388530639.58746, 528291123018.0458, 524778280451.3975, 531817659670.5662, 511321789665.1296, 525509062226.28314, 529267925435.5085, 515871366406.307, 512019158466.133, 516414930673.02386, 514730742046.72797, 515871366407.20703, 532615269155.2272, 551785678209.1046, 532726714297.87665, 534959220697.37476, 535058226381.6726, 538169747266.11646, 543605750045.8644, 516268287379.0902, 525805384148.20905, 522521321807.29126, 528305553245.7997, 511947172256.42847, 523949280350.33905, 523833033392.75183, 515871366407.50494, 512285849709.43115, 516330632402.84296, 514884472982.73474, 515871366408.10706, 525959060140.5694, 544720006389.72235, 529294923133.5866, 528441627809.1712, 531623040157.1712, 533771854545.9673, 536388206628.41174, 516178618313.33105, 521714472228.03656, 521961353140.3197, 523198886398.2854, 512977104414.77783, 523469576743.77094, 522461627898.1443, 515871366408.55817, 513731893356.7303, 516308486279.7809, 515078280252.8951, 523198886399.1854, 525813808859.4796, 541045022018.7444, 527343893016.54956, 527902754723.61316, 531060868141.2249, 529646376335.6862, 534421563898.00055, 518947699948.9635, 522042402635.37195, 521997274115.82855, 523198886399.50977, 517118095855.1495, 523429807579.2885, 522712411472.7353, 516210411750.0334, 515883837299.5602, 518896183809.25305, 517448428305.9997, 523198886400.08545, 525577319660.9532, 534912902527.6431, 526748943191.1651, 526298903342.7785, 528516624333.17865, 528931218132.69855, 533044148349.66675, 519296560760.13794, 522408571119.93, 522446278437.97565, 523198886400.47107, 517875164839.89417, 523401013173.3831, 522861639178.9718, 516719258325.65015, 516322740302.87964, 520311865965.3932, 519915465486.70325, 523198886400.9855, 525335444408.9232, 533807872690.7847, 525887449578.39154, 525355443189.0601, 528160370725.733, 527236961981.37537, 530950432182.7487, 519769715244.0934, 522514795331.41974, 522596599862.3031, 523198886401.5236, 519610938670.69464, 523371344443.76624, 522888103798.71924, 518255613100.04285, 516474202836.09357, 521223938182.47345, 520510276242.77545]
Minimum support: 0.5
Number of cores: 14
Number of patterns: 4
Number of invalid patterns: 107

0. Date
1. BUDAPEST
2. BARANYA
3. BACS
4. BEKES
5. BORSOD
6. CSONGRAD
7. FEJER
8. GYOR
9. HAJDU
10. HEVES
11. JASZ
12. KOMAROM
13. NOGRAD
14. PEST
15. SOMOGY
16. SZABOLCS
17. TOLNA
18. VAS
19. VESZPREM
20. ZALA

File: data/hungary_chickenpox.csv

Pattern : Support
['1+', '2+', '6+', '9+'] : 0.526
['1+', '2+', '3+', '4+'] : 0.531
['1+', '2+', '3+', '4+', '14+'] : 0.504
['1+', '2+', '6+', '7+'] : 0.51


Iteration: Best Cost
0: 0.007874015748031496 
1: 0.0019646365422396855 
2: 0.0019646365422396855 
3: 0.0012121212121212121 
4: 3.0216044719746186e-05 
5: 3.0216044719746186e-05 
6: 3.0216044719746186e-05 
7: 3.0216044719746186e-05 
8: 2.9163871795619587e-05 
9: 2.9163871795619587e-05 
10: 2.9163871795619587e-05 
11: 2.9163871795619587e-05 
12: 2.9163871795619587e-05 
13: 2.9163871795619587e-05 
14: 2.571024553284484e-05 
15: 2.571024553284484e-05 
16: 2.571024553284484e-05 
17: 2.571024553284484e-05 
18: 2.571024553284484e-05 
19: 2.571024553284484e-05 
