Run-time: 232.76411962509155 seconds
Total allocated memory size: 284.6 KiB
Algorithm: GA-GRAANK (v2.0)
Search Space: Numeric
No. of (dataset) attributes: 21
No. of (dataset) tuples: 8074
Population size: 8
PC: 0.776
Gamma: 0.746
Mu: 0.842
Sigma: 0.681
Number of iterations: 20
Number of cost evaluations: 240
Candidates: [458324348, 408823299, 553243448, 88232999, 295725092, 97341442, 957220992, 73314422, 1550019385, 1463610103, 4294967295, 4294967295, 262633193, 130433341, 626331993, 300333411, 3465091561, 3875399931, 4294967295, 4294967295, 329898218, 1304620156, 298988118, 3346601566, 1313117450, 3070082843, 3131174500, 700828833, 4294967295, 4294967295, 2949962955, 2949672955, 268169113, 120397296, 681691133, 203972966, 4294967295, 4294967295, 2949672955, 2949672255, 2163144860, 3089043426, 1633448660, 890434226, 2064482536, 2530818169, 2644425366, 4294967295, 3512284650, 2416131304, 4294967295, 4294967295, 2617445170, 3310970784, 4294967295, 3100707844, 4294967295, 4294967295, 2949672995, 4294967295, 1806385417, 3445802869, 1003884477, 4294967295, 3209734483, 2718681471, 2099344833, 4294967295, 4294967295, 4294967295, 2949672955, 2249672955, 2498245373, 2753942913, 4294967295, 4294967295, 2900489326, 3027926628, 4294967295, 3279266288, 4074361325, 1177826961, 4044313255, 1778869611, 3552899978, 2841412149, 4294967295, 4294967295, 3591955876, 2802356251, 4294967295, 4294967295, 2094745945, 1783468498, 947449455, 1833684488, 3193126712, 2735289242, 1933267122, 4294967295, 1724262708, 1688055562, 1242627008, 4294967295, 668106462, 915446522, 681066622, 954465522, 1371304293, 888476359, 3711042933, 884766599, 1844984247, 1887809245, 4294967295, 1878092445, 1308288794, 1425046338, 3308887744, 4294967295, 3879137929, 3724717109, 4294967295, 4294967295, 1450999469, 1136914712, 4294967295, 1369117112, 1975097443, 2946201844, 4294967295, 4294967295, 950217828, 633335156, 502277288, 333351556, 1809007782, 1923785710, 4294967295, 1927757100, 1816651161, 1916142331, 4294967295, 4294967295, 2892179406, 2195577948, 4294967295, 1955777488, 2305558394, 1960550341, 2055583994, 4294967295, 3249804066, 2824032839, 2448040066, 4294967295, 1528948436, 1204386696, 4294967295, 2043866966, 1749167014, 1663151256, 4294967295, 4294967295, 1839717810, 885959015, 4294967295, 859590115, 2043054900, 3044702454, 430044000, 447704544, 1457246194, 1596564160, 4294967295, 4294967295, 1219246032, 2715973704, 2192460322, 2159737044, 943031193, 637766321, 930311933, 337663211, 1619583819, 1436982005, 4294967295, 4294967295, 2364533188, 3104091599, 3645331888, 1040911999, 935984797, 647568187, 335847997, 675688877, 1798565092, 1994620611, 4294967295, 4294967295, 1168682907, 1419231274, 1686829977, 4294967295, 1001289680, 1258490972, 1012896800, 2588400722, 1441181340, 1292153792, 4294967295, 2921537922, 986631229, 1011501761, 866312229, 115017611, 2545671933, 2475210821, 4294967295, 4294967295, 956474669, 1688707170, 564776699, 4294967295, 1804580556, 1161076505, 4294967295, 1611775055, 920953707, 899824043, 209537007, 898240433, 1088690306, 1644644826, 886903366, 4294967295, 1334444093, 1691605179, 3334440993, 4294967295]
Minimum support: 0.5
Number of cores: 14
Number of patterns: 3
Number of invalid patterns: 91

0. date_time
1. id_site
2. Tpic
3. Dir
4. Etal
5. Tz
6. Hm0
7. Ts1
8. Ts2
9. Tc
10. Tav
11. Tint
12. Tp
13. EPS2
14. EPS4
15. Qp
16. S2
17. Tref
18. Tw
19. Batt
20. timestamp

File: data/directio8k.csv

Pattern : Support
['2+', '7+', '8+', '11+', '13+'] : 0.574
['2+', '6+'] : 0.538
['2+', '3-', '8+', '11+', '14+'] : 0.521


Iteration: Best Cost
0: 4.132267263476253e-07 
1: 4.132267263476253e-07 
2: 4.132267263476253e-07 
3: 4.132267263476253e-07 
4: 4.132267263476253e-07 
5: 4.132267263476253e-07 
6: 4.132267263476253e-07 
7: 4.132267263476253e-07 
8: 4.132267263476253e-07 
9: 4.132267263476253e-07 
10: 4.132267263476253e-07 
11: 4.132267263476253e-07 
12: 4.132267263476253e-07 
13: 4.132267263476253e-07 
14: 3.019038357788047e-07 
15: 1.974613577995854e-07 
16: 1.974613577995854e-07 
17: 1.974613577995854e-07 
18: 1.974613577995854e-07 
19: 1.974613577995854e-07 
