Run-time: 311.8587691783905 seconds
Total allocated memory size: 267.5 KiB
Algorithm: GA-GRAANK (v1.0)
Search Space: Bitmap
No. of (dataset) attributes: 9
No. of (dataset) tuples: 10001
Population size: 17
PC: 0.5
Gamma: 527
Mu: 0.649
Sigma: 0.7
Number of iterations: 20
Number of cost evaluations: 320
Candidates: [649.0, 326.0, 665.0, 358.0, 581.0, 394.0, 597.0, 410.0, 621.0, 670.0, 617.0, 662.0, 425.0, 598.0, 425.0, 598.0, 662.0, 425.0, 662.0, 425.0, 581.0, 390.0, 597.0, 406.0, 662.0, 618.0, 662.0, 618.0, 614.0, 665.0, 614.0, 665.0, 618.0, 406.0, 618.0, 406.0, 614.0, 617.0, 614.0, 617.0, 662.0, 665.0, 662.0, 665.0, 425.0, 406.0, 425.0, 406.0, 425.0, 425.0, 425.0, 425.0, 617.0, 617.0, 617.0, 617.0, 618.0, 618.0, 618.0, 618.0, 406.0, 665.0, 406.0, 665.0, 617.0, 617.0, 617.0, 617.0, 618.0, 618.0, 618.0, 618.0, 617.0, 406.0, 617.0, 406.0, 617.0, 618.0, 617.0, 618.0, 406.0, 618.0, 406.0, 618.0, 617.0, 665.0, 617.0, 665.0, 618.0, 618.0, 618.0, 618.0, 406.0, 618.0, 406.0, 618.0, 358.0, 618.0, 358.0, 618.0, 618.0, 618.0, 618.0, 618.0, 665.0, 665.0, 665.0, 665.0, 618.0, 618.0, 618.0, 618.0, 665.0, 618.0, 665.0, 618.0, 358.0, 665.0, 358.0, 665.0, 618.0, 665.0, 618.0, 665.0, 665.0, 665.0, 665.0, 665.0, 665.0, 665.0, 665.0, 665.0, 665.0, 358.0, 665.0, 358.0, 358.0, 665.0, 358.0, 665.0, 665.0, 358.0, 665.0, 358.0, 665.0, 358.0, 665.0, 358.0, 665.0, 665.0, 665.0, 665.0, 665.0, 665.0, 665.0, 665.0, 665.0, 665.0, 665.0, 665.0, 665.0, 358.0, 665.0, 358.0, 665.0, 358.0, 665.0, 358.0, 665.0, 665.0, 665.0, 665.0, 665.0, 665.0, 665.0, 665.0, 665.0, 665.0, 665.0, 665.0, 665.0, 665.0, 665.0, 665.0, 665.0, 358.0, 665.0, 358.0, 665.0, 358.0, 665.0, 358.0, 665.0, 665.0, 665.0, 665.0, 358.0, 665.0, 358.0, 665.0, 665.0, 665.0, 665.0, 665.0, 665.0, 665.0, 665.0, 665.0, 665.0, 665.0, 665.0, 665.0, 665.0, 665.0, 665.0, 665.0, 665.0, 665.0, 665.0, 665.0, 665.0, 665.0, 665.0, 665.0, 665.0, 665.0, 665.0, 665.0, 358.0, 358.0, 358.0, 358.0, 665.0, 665.0, 665.0, 665.0, 665.0, 665.0, 665.0, 665.0, 665.0, 665.0, 665.0, 665.0, 665.0, 665.0, 665.0, 665.0, 665.0, 665.0, 665.0, 665.0, 358.0, 665.0, 358.0, 665.0, 665.0, 665.0, 665.0, 665.0, 665.0, 665.0, 665.0, 665.0, 665.0, 665.0, 665.0, 665.0, 358.0, 665.0, 358.0, 665.0, 665.0, 665.0, 665.0, 665.0, 358.0, 665.0, 358.0, 665.0, 665.0, 665.0, 665.0, 665.0, 665.0, 358.0, 665.0, 358.0, 665.0, 665.0, 665.0, 665.0, 358.0, 358.0, 358.0, 358.0, 665.0, 665.0, 665.0, 665.0, 358.0, 665.0, 358.0, 665.0, 665.0, 665.0, 665.0, 665.0, 665.0, 665.0, 665.0, 665.0, 665.0, 665.0, 665.0, 665.0, 665.0, 665.0, 665.0, 665.0]
Minimum support: 0.5
Number of cores: 14
Number of patterns: 0
Number of invalid patterns: 0

0. Date
1. Time
2. Global_active_power
3. Global_reactive_power
4. Voltage
5. Global_intensity
6. Sub_metering_1
7. Sub_metering_2
8. Sub_metering_3

File: data/power_consumption10k.csv

Pattern : Support


Iteration: Best Cost
0: 2.0451779816138498e-08 
1: 2.0451779816138498e-08 
2: 2.0451779816138498e-08 
3: 2.0451779816138498e-08 
4: 2.0451779816138498e-08 
5: 2.0451779816138498e-08 
6: 2.0451779816138498e-08 
7: 2.0451779816138498e-08 
8: 2.0451779816138498e-08 
9: 2.0451779816138498e-08 
10: 2.0451779816138498e-08 
11: 2.0451779816138498e-08 
12: 2.0451779816138498e-08 
13: 2.0451779816138498e-08 
14: 2.0451779816138498e-08 
15: 2.0451779816138498e-08 
16: 2.0451779816138498e-08 
17: 2.0451779816138498e-08 
18: 2.0451779816138498e-08 
19: 2.0451779816138498e-08 
