Run-time: 243.56564474105835 seconds
Total allocated memory size: 283.7 KiB
Algorithm: GA-GRAANK (v2.0)
Search Space: Numeric
No. of (dataset) attributes: 21
No. of (dataset) tuples: 8074
Population size: 8
PC: 0.776
Gamma: 0.746
Mu: 0.842
Sigma: 0.681
Number of iterations: 20
Number of cost evaluations: 240
Candidates: [2183397984, 654009840, 2833979844, 550098400, 828893631, 1174464151, 228936311, 1744641511, 309957542, 357002559, 99575422, 570025599, 1501013728, 1788981753, 1010137288, 4294967295, 935921827, 2448917351, 355218277, 4294967295, 450758960, 1393457972, 557589600, 3994579722, 3211374303, 2527846929, 2111743033, 4294967295, 562860556, 2626337564, 628605566, 4294967295, 2052765249, 1338804194, 522652499, 3388041944, 3634910283, 2404698522, 3344102233, 4046685222, 4294967295, 4294967295, 2949672955, 2949672295, 3930774780, 3752234458, 4294967295, 3522244588, 2903094462, 3136514343, 4294967295, 1365143433, 1069819269, 3324723447, 698192699, 3227234477, 4006477986, 3810733896, 4779866, 4294967295, 2796494018, 2863616709, 4294967295, 4294967295, 2970542969, 2689567758, 4294967295, 4294967295, 4294967295, 4294967295, 4249672955, 4249672295, 4294967295, 4294967295, 2949672955, 2949977955, 3141030847, 2898577958, 1410308477, 4294967295, 2975436419, 2684674308, 4294967295, 4294967295, 4294967295, 4294967295, 2999972955, 2949972955, 3608880949, 2051229778, 4294967295, 552297788, 3125535448, 2534575279, 3255354488, 4294967295, 2123443431, 3916165374, 1234433411, 4294967295, 3711534367, 2328074438, 4294967295, 3280074388, 4294967295, 4294967295, 2944672955, 2949672955, 3844272218, 3706049564, 4294967295, 4294967295, 4294967295, 4294967295, 2949672955, 2949672955, 4294967294, 4294967294, 4294967295, 2249972944, 4294967295, 4294967295, 2949672955, 2999672955, 3327190290, 2712418515, 3271902200, 2124185555, 2361753664, 2258744256, 2617536644, 2587442566, 3742470187, 1917640540, 4294967295, 4294967295, 4168921166, 3381400616, 1688211666, 3814006166, 4294967295, 4294967295, 4249672955, 2944972955, 2982553867, 2962092042, 2825538677, 4294967295, 4157421026, 3137219223, 1574210226, 1372192223, 2593616349, 3066494378, 4294967295, 3064993788, 3003716115, 2656394612, 37161155, 4294967295, 2607476990, 3432131815, 4294967295, 4294967295, 4294967295, 4294967295, 2949672255, 2949672955, 1764158987, 4275449818, 4294967295, 2254498188, 3697604747, 3852717035, 4294967295, 4294967295, 3954734809, 3595586973, 4294967295, 4294967295, 3406655723, 3833284526, 4066557233, 4294967295, 4099030843, 3140909406, 990308433, 3149094006, 2981752838, 2962893071, 4294967295, 4294967295, 2974254474, 2970391435, 4294967295, 4294967295, 3116807577, 2922801228, 1168875777, 4294967295, 4100740877, 3193899372, 1000408777, 1933893772, 3641125946, 3653514303, 4294967295, 3535143033, 3576093802, 3663846447, 4294967295, 4294967295, 2922971299, 3116637506, 4294967295, 1166375066, 2090166254, 3569944473, 1662544, 4294967295, 2591814878, 2152499587, 4294967295, 1122995877, 4294967295, 4294967295, 2949672955, 2944972955, 539935921, 2406699577, 339359211, 4066999777, 2176383526, 1080633505, 1163835266, 806333055, 2980383194, 2964262715, 4294967295, 4294967295]
Minimum support: 0.5
Number of cores: 14
Number of patterns: 2
Number of invalid patterns: 84

0. date_time
1. id_site
2. Tpic
3. Dir
4. Etal
5. Tz
6. Hm0
7. Ts1
8. Ts2
9. Tc
10. Tav
11. Tint
12. Tp
13. EPS2
14. EPS4
15. Qp
16. S2
17. Tref
18. Tw
19. Batt
20. timestamp

File: data/directio8k.csv

Pattern : Support
['2+', '4+'] : 0.519
['2+', '3-', '5+', '7+', '8+', '10+'] : 0.525


Iteration: Best Cost
0: 1.2369318153706096e-06 
1: 1.2369318153706096e-06 
2: 8.397666456445083e-07 
3: 8.397666456445083e-07 
4: 8.397666456445083e-07 
5: 8.397666456445083e-07 
6: 8.397666456445083e-07 
7: 8.397666456445083e-07 
8: 8.397666456445083e-07 
9: 8.397666456445083e-07 
10: 8.397666456445083e-07 
11: 8.397666456445083e-07 
12: 8.397666456445083e-07 
13: 8.397666456445083e-07 
14: 8.397666456445083e-07 
15: 8.397666456445083e-07 
16: 8.397666456445083e-07 
17: 8.397666456445083e-07 
18: 1.6146595587200014e-07 
19: 1.6146595587200014e-07 
