Run-time: 262.1238775253296 seconds
Total allocated memory size: 281.4 KiB
Algorithm: GA-GRAANK (v2.0)
Search Space: Numeric
No. of (dataset) attributes: 15
No. of (dataset) tuples: 9357
Population size: 20
PC: 0.5
Gamma: 547
Mu: 0.741
Sigma: 0.654
Number of iterations: 20
Number of cost evaluations: 400
Candidates: [0, 16777215, 0, 16777215, 16777215, 0, 16777215, 0, 16777215, 0, 16777215, 0, 0, 16777215, 0, 16772255, 16777215, 0, 16777215, 0, 0, 16777215, 0, 16777215, 0, 16777215, 0, 16777215, 16777215, 0, 16777215, 0, 16777215, 0, 16777215, 0, 16777215, 0, 16772155, 0, 16777215, 16777215, 16777215, 16777215, 16777215, 14838504, 16777215, 16777215, 16777215, 0, 16777215, 0, 16777215, 0, 16772115, 0, 16777215, 0, 16777215, 0, 16777215, 16777215, 16777215, 16777215, 16777215, 16777215, 16777215, 16777155, 15942957, 16777215, 16777215, 16777215, 0, 16777215, 0, 16777215, 16777215, 16777215, 16772115, 16777215, 16777215, 16777215, 16777215, 16777215, 16777215, 16777215, 16777215, 16777215, 16747246, 16777215, 16777215, 16777215, 16774172, 16777215, 16777215, 16777215, 16750323, 16777215, 16777215, 16777215, 16777215, 16777215, 16777215, 16777215, 16777215, 16777215, 16777215, 16777215, 16777215, 16777215, 16777215, 16777215, 16777215, 16777215, 16777215, 16777215, 16777215, 16777215, 16777215, 16777215, 16777215, 16777215, 16777215, 16777215, 16777215, 16777215, 16777215, 16777215, 16777215, 16752642, 16777215, 16777215, 16777215, 16777215, 16777215, 16777215, 16777215, 16777215, 16777215, 16777215, 16777215, 16777215, 16777215, 16772115, 16777215, 16777215, 16777215, 16777215, 16777215, 16777215, 16777215, 16777215, 16777215, 16777215, 16777215, 16777215, 15286383, 16777215, 12863883, 16777215, 16777215, 16777215, 16777215, 16777215, 16777215, 14091804, 16777215, 16777215, 16777215, 16777215, 16777215, 16777215, 16777215, 16777215, 16777215, 16777215, 16777215, 16777215, 16777215, 16777215, 16777215, 16777215, 16777215, 16777215, 16777215, 16777215, 16777215, 16777215, 16777215, 16777215, 16777155, 16777215, 16777215, 16777215, 16777215, 16777215, 15695134, 16777215, 16777215, 16772155, 16777215, 16777215, 16777215, 16777215, 16777214, 16777214, 16777215, 16777215, 16777215, 16777215, 16777215, 16777215, 15060569, 16777215, 16777215, 16777215, 16777215, 16777215, 16777215, 16777215, 16777215, 16777215, 16777215, 16777215, 16777215, 16777215, 16777215, 16777215, 16777215, 16777215, 16777215, 16777215, 15558700, 16777215, 16777215, 16777215, 16777215, 16777215, 16777215, 16777215, 16762751, 16777215, 16777215, 16777215, 16777215, 16196587, 16777215, 16777215, 16777215, 16777215, 16777215, 16777215, 16777215, 16777215, 16777215, 16777155, 16777215, 16161531, 16777215, 16777215, 14588481, 16777215, 15888811, 16777215, 16777215, 16777215, 16777215, 16777215, 16767015, 16777215, 16777215, 16777215, 16777215, 16777215, 16777215, 16777215, 16053122, 16777215, 10531222, 16777215, 16364516, 16777215, 16777215, 16777215, 16772062, 16777215, 16777215, 16777215, 16777215, 16777215, 16777215, 16777215, 16777215, 16777215, 16777115, 16777215, 16777215, 16777215, 16777215, 16777215, 16746611, 16777215, 16777215, 16777215, 16777215, 16777215, 16777215, 16777215, 16777215, 16773019, 16777215, 16777215, 16777215, 16777215, 16777215, 16777215, 16777215, 16777215, 16777215, 16777215, 16777215, 16777215, 16777215, 16777215, 16777215, 16777215, 16777215, 16777215, 16777215, 16777215, 16777215, 16777215, 16777215, 16777215, 16777215, 16777215, 16753603, 16777215, 16777215, 16772155, 15834835, 16777215, 16777215, 16777215, 16777215, 16777215, 16777215, 16777215, 16777215, 16777215, 16777215, 16777215, 16777215, 16777215, 16777215, 16777215, 16777215, 16777215, 16777215, 16777215, 14917738, 16777215, 16777215, 16777215, 16777215, 16777215, 16777215, 16777215, 16777215, 16777215, 16777215, 16777215, 16777215, 16777215, 16777215, 16777215, 16764728, 16777215, 16777215, 16777215, 14360762, 16777215, 13307722, 16772155, 16777215, 16764812, 16777215, 16777215, 16777215, 16777215, 16777215, 16777155, 16777215, 16777215, 16777215, 16777215, 16777215, 15272488, 16777215, 16777215]
Minimum support: 0.5
Number of cores: 14
Number of patterns: 1
Number of invalid patterns: 37

0. Date
1. Time
2. CO(GT)
3. PT08.S1(CO)
4. NMHC(GT)
5. C6H6(GT)
6. PT08.S2(NMHC)
7. NOx(GT)
8. PT08.S3(NOx)
9. NO2(GT)
10. PT08.S4(NO2)
11. PT08.S5(O3)
12. T
13. RH
14. AH

File: data/air_quality.csv

Pattern : Support
['2+', '3+', '5+', '6+', '7+', '9+'] : 0.505


Iteration: Best Cost
0: 1.0774329513474377e-06 
1: 1.0633648479228762e-06 
2: 1.0633648479228762e-06 
3: 9.416665803472302e-07 
4: 2.789173099429558e-07 
5: 2.789173099429558e-07 
6: 2.789173099429558e-07 
7: 2.789173099429558e-07 
8: 2.789173099429558e-07 
9: 2.789173099429558e-07 
10: 2.789173099429558e-07 
11: 2.789173099429558e-07 
12: 2.789173099429558e-07 
13: 2.367039262316948e-07 
14: 2.367039262316948e-07 
15: 2.367039262316948e-07 
16: 2.367039262316948e-07 
17: 2.367039262316948e-07 
18: 2.367039262316948e-07 
19: 1.1981219199280744e-07 
