Run-time: 0.2774178981781006 seconds
Total allocated memory size: 256.1 KiB
Algorithm: GA-GRAANK (v1.0)
Search Space: Bitmap
No. of (dataset) attributes: 10
No. of (dataset) tuples: 116
Population size: 8
PC: 0.5
Gamma: 746
Mu: 0.842
Sigma: 0.681
Number of iterations: 20
Number of cost evaluations: 160
Candidates: [173625.0, 88374.0, 173721.0, 88486.0, 157034.0, 105125.0, 157034.0, 105125.0, 88486.0, 157034.0, 88486.0, 157034.0, 88486.0, 173673.0, 88486.0, 173673.0, 88486.0, 88486.0, 88486.0, 88486.0, 173673.0, 157034.0, 173673.0, 157034.0, 88486.0, 157034.0, 88486.0, 157034.0, 157034.0, 157034.0, 157034.0, 157034.0, 157034.0, 157034.0, 157034.0, 157034.0, 157034.0, 157034.0, 157034.0, 157034.0, 105125.0, 157034.0, 105125.0, 157034.0, 157034.0, 157034.0, 157034.0, 157034.0, 157034.0, 157034.0, 157034.0, 157034.0, 157034.0, 157034.0, 157034.0, 157034.0, 157034.0, 157034.0, 157034.0, 157034.0, 105125.0, 157034.0, 105125.0, 157034.0, 157034.0, 157034.0, 157034.0, 157034.0, 157034.0, 105125.0, 157034.0, 105125.0, 105125.0, 157034.0, 105125.0, 157034.0, 157034.0, 157034.0, 157034.0, 157034.0, 105125.0, 105125.0, 105125.0, 105125.0, 105125.0, 105125.0, 105125.0, 105125.0, 105125.0, 105125.0, 105125.0, 105125.0, 105125.0, 105125.0, 105125.0, 105125.0, 105125.0, 105125.0, 105125.0, 105125.0, 105125.0, 105125.0, 105125.0, 105125.0, 105125.0, 105125.0, 105125.0, 105125.0, 105125.0, 105125.0, 105125.0, 105125.0, 105125.0, 105125.0, 105125.0, 105125.0, 105125.0, 105125.0, 105125.0, 105125.0, 105125.0, 105125.0, 105125.0, 105125.0, 105125.0, 105125.0, 105125.0, 105125.0, 105125.0, 105125.0, 105125.0, 105125.0, 105125.0, 105125.0, 105125.0, 105125.0, 105125.0, 105125.0, 105125.0, 105125.0, 105125.0, 105125.0, 105125.0, 105125.0, 105125.0, 105125.0, 105125.0, 105125.0, 105125.0, 105125.0, 105125.0, 105125.0, 105125.0, 105125.0, 105125.0, 105125.0, 105125.0, 105125.0, 105125.0, 105125.0]
Minimum support: 0.5
Number of cores: 14
Number of patterns: 0
Number of invalid patterns: 0

0. Age
1. BMI
2. Glucose
3. Insulin
4. HOMA
5. Leptin
6. Adiponectin
7. Resistin
8. MCP.1
9. Classification

File: data/breast_cancer.csv

Pattern : Support


Iteration: Best Cost
0: 0.010101010101010102 
1: 0.010101010101010102 
2: 0.010101010101010102 
3: 0.010101010101010102 
4: 0.010101010101010102 
5: 0.010101010101010102 
6: 0.010101010101010102 
7: 0.010101010101010102 
8: 0.010101010101010102 
9: 0.010101010101010102 
10: 0.010101010101010102 
11: 0.010101010101010102 
12: 0.010101010101010102 
13: 0.010101010101010102 
14: 0.010101010101010102 
15: 0.010101010101010102 
16: 0.010101010101010102 
17: 0.010101010101010102 
18: 0.010101010101010102 
19: 0.010101010101010102 
