Run-time: 107.59020709991455 seconds
Total allocated memory size: 269.1 KiB
Algorithm: GA-GRAANK (v2.0)
Search Space: Numeric
No. of (dataset) attributes: 9
No. of (dataset) tuples: 10001
Population size: 17
PC: 0.5
Gamma: 527
Mu: 0.649
Sigma: 0.7
Number of iterations: 20
Number of cost evaluations: 320
Candidates: [0, 1023, 0, 233, 0, 1023, 0, 1023, 0, 1023, 0, 1023, 1023, 0, 223, 0, 1023, 0, 233, 0, 0, 1023, 0, 1023, 0, 1023, 0, 23, 1023, 0, 1023, 0, 1023, 0, 33, 0, 0, 1023, 0, 233, 1023, 0, 1023, 0, 0, 1023, 0, 223, 0, 1023, 0, 23, 1023, 0, 33, 0, 1023, 1023, 1023, 1023, 1023, 0, 0, 0, 0, 1023, 0, 33, 0, 1023, 0, 233, 1023, 0, 1023, 0, 1023, 0, 33, 0, 1023, 0, 33, 0, 1023, 1023, 1023, 233, 0, 1023, 0, 33, 1023, 0, 233, 0, 0, 1023, 0, 233, 0, 1023, 0, 1023, 0, 1023, 0, 233, 0, 1023, 0, 1023, 1023, 0, 233, 0, 1023, 1023, 233, 33, 785, 0, 755, 0, 1023, 1023, 1023, 1023, 1023, 0, 223, 0, 0, 1023, 0, 33, 1023, 0, 1023, 0, 0, 1023, 0, 33, 0, 1023, 0, 1023, 33, 33, 33, 33, 1023, 0, 1023, 0, 223, 223, 233, 223, 1023, 0, 233, 0, 0, 776, 0, 766, 23, 23, 33, 23, 0, 1023, 0, 23, 33, 33, 33, 33, 33, 33, 33, 0, 33, 33, 33, 33, 33, 33, 0, 33, 33, 33, 33, 33, 33, 33, 33, 0, 33, 33, 33, 33, 33, 33, 0, 33, 33, 33, 33, 33, 33, 33, 33, 33, 33, 33, 33, 0, 33, 33, 33, 33, 33, 33, 0, 33, 33, 33, 33, 33, 33, 33, 33, 0, 33, 33, 33, 33, 33, 33, 33, 0, 33, 33, 33, 0, 33, 33, 33, 33, 33, 33, 33, 33, 33, 33, 33, 0, 33, 33, 33, 33, 33, 33, 0, 0, 33, 33, 0, 33, 33, 33, 0, 33, 32, 32, 32, 32, 33, 33, 33, 0, 33, 33, 33, 33, 33, 33, 33, 33, 33, 33, 33, 33, 33, 33, 33, 33, 33, 33, 0, 33, 0, 544, 0, 444, 504, 0, 44, 0, 33, 33, 33, 0, 33, 33, 33, 33]
Minimum support: 0.5
Number of cores: 14
Number of patterns: 2
Number of invalid patterns: 96

0. Date
1. Time
2. Global_active_power
3. Global_reactive_power
4. Voltage
5. Global_intensity
6. Sub_metering_1
7. Sub_metering_2
8. Sub_metering_3

File: data/power_consumption10k.csv

Pattern : Support
['2+', '3+', '5+'] : 0.533
['2+', '4-'] : 0.758


Iteration: Best Cost
0: 1.5817508970109336e-07 
1: 1.5005106237652672e-07 
2: 2.636579915014065e-08 
3: 2.636579915014065e-08 
4: 2.636579915014065e-08 
5: 2.636579915014065e-08 
6: 2.636579915014065e-08 
7: 2.636579915014065e-08 
8: 2.636579915014065e-08 
9: 2.636579915014065e-08 
10: 2.0622650190791478e-08 
11: 2.0622650190791478e-08 
12: 2.0622650190791478e-08 
13: 2.0622650190791478e-08 
14: 2.0622650190791478e-08 
15: 2.0622650190791478e-08 
16: 2.0622650190791478e-08 
17: 2.0027145995310804e-08 
18: 2.0027145995310804e-08 
19: 2.0027145995310804e-08 
