Run-time: 323.45735263824463 seconds
Total allocated memory size: 285.5 KiB
Algorithm: GA-GRAANK (v2.0)
Search Space: Numeric
No. of (dataset) attributes: 15
No. of (dataset) tuples: 9357
Population size: 20
PC: 0.382
Gamma: 0.547
Mu: 0.741
Sigma: 0.654
Number of iterations: 20
Number of cost evaluations: 320
Candidates: [7390288, 7965821, 3992288, 9958211, 10340521, 5015588, 3440211, 55888, 11887879, 12365377, 16777215, 16777215, 5589782, 7722884, 5897882, 7222844, 9186555, 7116599, 1865555, 1115999, 6987168, 10573182, 9881188, 15573822, 3325873, 3299803, 3258833, 2998833, 6954848, 10558618, 9958488, 5586188, 7507467, 10876819, 5004667, 16777215, 8698701, 9194512, 8687011, 1145512, 12081696, 6068094, 10816966, 6680044, 6282344, 3782183, 2223444, 7821183, 11082806, 9686696, 10828866, 9866966, 13335388, 14377860, 16777215, 16777215, 5249653, 9559600, 2496553, 5559000, 16665368, 1977401, 16777215, 9774011, 16043158, 9421067, 16777215, 9411677, 9379983, 12983419, 9799833, 16777215, 6652158, 13565267, 6521588, 16777215, 16777215, 16777215, 16777215, 16777215, 13308250, 10149008, 16777215, 10199088, 1494923, 1486630, 4944233, 1886330, 16456491, 10120556, 14564911, 1105566, 16777215, 16777215, 16777215, 16777155, 7624806, 13144696, 6648066, 16777215, 14010675, 12965627, 16777215, 16777215, 16777215, 16777215, 16777215, 16777215, 16777215, 16777215, 16777215, 16777215, 15900407, 4317018, 16777215, 3177188, 7354797, 16102461, 7547997, 16777215, 16777215, 16777215, 16777215, 16777215, 10341948, 13115250, 3311448, 16777215, 16777215, 16777215, 16777215, 16777215, 11675167, 6218046, 16751677, 2280466, 11782095, 8435330, 11780955, 8335300, 16777215, 16777215, 16777215, 16777215, 16777215, 16777215, 16777215, 16777215, 16777215, 16777215, 16777215, 16777215, 16777215, 16777215, 16777215, 16777215, 16777215, 16777215, 16777215, 16777215, 12433887, 12164450, 16777215, 16777215, 14406653, 9050605, 16777215, 6005, 16777180, 16777189, 16777215, 16777215, 7940582, 15516676, 9905882, 16777215, 16777215, 16777215, 16777215, 16777215, 1036214, 2962078, 362244, 9660088, 16777215, 16777215, 16777215, 16777215, 16777214, 16777214, 16777215, 16777215, 10468028, 14130369, 4680288, 16777215, 12603515, 10853743, 12035155, 8533443, 6658384, 10124835, 6688344, 244355, 11332331, 9437171, 13323311, 4371711, 8709345, 14747853, 7093455, 16777215, 16777215, 16777215, 16777215, 16777215, 4013738, 13125720, 137338, 16777215, 16777215, 16777215, 16777215, 16777215, 2874906, 13908253, 8774066, 16777215, 16496929, 642529, 16777215, 422299, 15997433, 4219992, 16777215, 2119922, 15407003, 9191394, 14077033, 1993994, 2332753, 15560460, 3327553, 16777215, 8904508, 7878711, 8004088, 7787711, 13565160, 4328053, 16777215, 3280533, 393618, 390924, 936188, 900244, 4322498, 1473788, 4224998, 1733788, 11946408, 8158359, 11964088, 1583399, 3927678, 3504820, 9227788, 5048200, 16777215, 16777215, 16777215, 16777215, 16777215, 16777215, 16772255, 16777215, 1788663, 16104550, 1888633, 11005500, 3427424, 3892416, 4224444, 8822166, 6531454, 7376621, 5314544, 7766211, 4067064, 4150221, 77644, 1102211, 3651302, 3399285, 6513302, 3992885, 2461166, 1537126, 4611666, 5371266, 2285359, 2183993, 2283599, 1139993, 2515937, 4170111, 5119337, 4701111, 10937976, 5845183, 9337766, 8451833, 6745634, 6707151, 7756344, 6071551, 3107766, 13913803, 1007666, 16777215]
Minimum support: 0.5
Number of cores: 14
Number of patterns: 4
Number of invalid patterns: 62

0. Date
1. Time
2. CO(GT)
3. PT08.S1(CO)
4. NMHC(GT)
5. C6H6(GT)
6. PT08.S2(NMHC)
7. NOx(GT)
8. PT08.S3(NOx)
9. NO2(GT)
10. PT08.S4(NO2)
11. PT08.S5(O3)
12. T
13. RH
14. AH

File: data/air_quality.csv

Pattern : Support
['2+', '3+', '6+', '8-', '11+'] : 0.532
['2+', '5+', '6+', '7+', '8-'] : 0.523
['2+', '5+', '8-', '9+'] : 0.5
['2+', '7+', '9+', '11+'] : 0.549


Iteration: Best Cost
0: 3.53092258416925e-07 
1: 3.53092258416925e-07 
2: 2.2175609091911026e-07 
3: 2.2175609091911026e-07 
4: 2.2175609091911026e-07 
5: 2.2175609091911026e-07 
6: 2.2175609091911026e-07 
7: 2.2175609091911026e-07 
8: 2.2175609091911026e-07 
9: 2.2175609091911026e-07 
10: 2.2175609091911026e-07 
11: 2.2175609091911026e-07 
12: 9.794254063733953e-08 
13: 9.794254063733953e-08 
14: 9.094919950607309e-08 
15: 9.094919950607309e-08 
16: 9.094919950607309e-08 
17: 9.094919950607309e-08 
18: 9.094919950607309e-08 
19: 9.094919950607309e-08 
