Run-time: 585.6178555488586 seconds
Total allocated memory size: 283.2 KiB
Algorithm: GA-GRAANK (v1.0)
Search Space: Bitmap
No. of (dataset) attributes: 15
No. of (dataset) tuples: 9357
Population size: 20
PC: 0.5
Gamma: 547
Mu: 0.741
Sigma: 0.654
Number of iterations: 20
Number of cost evaluations: 400
Candidates: [5613410.0, 11185057.0, 5613162.0, 11184805.0, 9889178.0, 5888614.0, 9872794.0, 5855846.0, 10118680.0, 10852628.0, 10118810.0, 10852757.0, 5876642.0, 10921825.0, 5876138.0, 10921321.0, 10053989.0, 9868954.0, 10053989.0, 9868954.0, 10070629.0, 9852314.0, 10070629.0, 9852314.0, 10852757.0, 5924250.0, 10852757.0, 5924250.0, 10922603.0, 5592487.0, 10922602.0, 5592486.0, 5613162.0, 10053973.0, 5613162.0, 10053973.0, 5658009.0, 11184742.0, 5658009.0, 11184742.0, 5924250.0, 10118810.0, 5924250.0, 10118810.0, 6986133.0, 5613162.0, 6986133.0, 5613162.0, 5592486.0, 10131033.0, 5592486.0, 10131033.0, 5920086.0, 11184805.0, 5920086.0, 11184805.0, 10855718.0, 10130969.0, 10855782.0, 10131033.0, 10839401.0, 5937813.0, 10839401.0, 5937813.0, 5924457.0, 10852757.0, 5924457.0, 10852757.0, 5613162.0, 10131033.0, 5613162.0, 10131033.0, 5613226.0, 10131033.0, 5613226.0, 10131033.0, 10118810.0, 11184742.0, 10118810.0, 11184742.0, 10852757.0, 11184805.0, 10852757.0, 11184805.0, 11184805.0, 11184742.0, 11184805.0, 11184742.0, 11184805.0, 5613162.0, 11184805.0, 5613162.0, 10852757.0, 11184805.0, 10852757.0, 11184805.0, 11184805.0, 5592486.0, 11184805.0, 5592486.0, 11184742.0, 10852757.0, 11184742.0, 10852757.0, 10852757.0, 11184805.0, 10852757.0, 11184805.0, 5592486.0, 11184805.0, 5592486.0, 11184805.0, 11184805.0, 11184805.0, 11184805.0, 11184805.0, 11184805.0, 11184805.0, 11184805.0, 11184805.0, 10852757.0, 10852757.0, 10852757.0, 10852757.0, 11184805.0, 11184805.0, 11184805.0, 11184805.0, 11184805.0, 11184805.0, 11184805.0, 11184805.0, 11184805.0, 11184805.0, 11184805.0, 11184805.0, 11184805.0, 11184805.0, 11184805.0, 11184805.0, 11184805.0, 11184805.0, 11184805.0, 11184805.0, 11184805.0, 11184805.0, 11184805.0, 11184805.0, 11184805.0, 11184805.0, 11184805.0, 11184805.0, 11184805.0, 11184805.0, 11184805.0, 11184805.0, 11184805.0, 11184805.0, 11184805.0, 11184805.0, 11184805.0, 11184805.0, 11184805.0, 11184805.0, 11184805.0, 11184805.0, 11184805.0, 11184805.0, 11184805.0, 11184805.0, 11184805.0, 11184805.0, 11184805.0, 11184805.0, 11184805.0, 11184805.0, 11184805.0, 11184805.0, 11184805.0, 11184805.0, 11184805.0, 11184805.0, 11184805.0, 11184805.0, 11184805.0, 11184805.0, 11184805.0, 11184805.0, 11184805.0, 11184805.0, 11184805.0, 11184805.0, 11184805.0, 11184805.0, 11184805.0, 11184805.0, 11184805.0, 11184805.0, 11184805.0, 11184805.0, 11184805.0, 11184805.0, 11184805.0, 11184805.0, 11184805.0, 11184805.0, 11184805.0, 11184805.0, 11184805.0, 11184805.0, 11184805.0, 11184805.0, 11184805.0, 11184805.0, 11184805.0, 11184805.0, 11184805.0, 11184805.0, 11184805.0, 11184805.0, 11184805.0, 11184805.0, 11184805.0, 11184805.0, 11184805.0, 11184805.0, 11184805.0, 11184805.0, 11184805.0, 11184805.0, 11184805.0, 11184805.0, 11184805.0, 11184805.0, 11184805.0, 11184805.0, 11184805.0, 11184805.0, 11184805.0, 11184805.0, 11184805.0, 11184805.0, 11184805.0, 11184805.0, 11184805.0, 11184805.0, 11184805.0, 11184805.0, 11184805.0, 11184805.0, 11184805.0, 11184805.0, 11184805.0, 11184805.0, 11184805.0, 11184805.0, 11184805.0, 11184805.0, 11184805.0, 11184805.0, 11184805.0, 11184805.0, 11184805.0, 11184805.0, 11184805.0, 11184805.0, 11184805.0, 11184805.0, 11184805.0, 11184805.0, 11184805.0, 11184805.0, 11184805.0, 11184805.0, 11184805.0, 11184805.0, 11184805.0, 11184805.0, 11184805.0, 11184805.0, 11184805.0, 11184805.0, 11184805.0, 11184805.0, 11184805.0, 11184805.0, 11184805.0, 11184805.0, 11184805.0, 11184805.0, 11184805.0, 11184805.0, 11184805.0, 11184805.0, 11184805.0, 11184805.0, 11184805.0, 11184805.0, 11184805.0, 11184805.0, 11184805.0, 11184805.0, 11184805.0, 11184805.0, 11184805.0, 11184805.0, 11184805.0, 11184805.0, 11184805.0, 11184805.0, 11184805.0, 11184805.0, 11184805.0, 11184805.0, 11184805.0, 11184805.0, 11184805.0, 11184805.0, 11184805.0, 11184805.0, 11184805.0, 11184805.0, 11184805.0, 11184805.0, 11184805.0, 11184805.0, 11184805.0, 11184805.0, 11184805.0, 11184805.0, 11184805.0, 11184805.0, 11184805.0, 11184805.0, 11184805.0, 11184805.0, 11184805.0, 11184805.0, 11184805.0, 11184805.0, 11184805.0, 11184805.0, 11184805.0, 11184805.0, 11184805.0, 11184805.0, 11184805.0, 11184805.0, 11184805.0, 11184805.0, 11184805.0, 11184805.0, 11184805.0, 11184805.0, 11184805.0, 11184805.0, 11184805.0, 11184805.0, 11184805.0, 11184805.0, 11184805.0, 11184805.0, 11184805.0, 11184805.0, 11184805.0, 11184805.0, 11184805.0, 11184805.0, 11184805.0, 11184805.0, 11184805.0, 11184805.0, 11184805.0, 11184805.0, 11184805.0, 11184805.0, 11184805.0, 11184805.0, 11184805.0, 11184805.0, 11184805.0, 11184805.0, 11184805.0, 11184805.0, 11184805.0, 11184805.0, 11184805.0, 11184805.0, 11184805.0, 11184805.0, 11184805.0, 11184805.0, 11184805.0, 11184805.0, 11184805.0, 11184805.0, 11184805.0, 11184805.0, 11184805.0, 11184805.0]
Minimum support: 0.5
Number of cores: 14
Number of patterns: 1
Number of invalid patterns: 28

0. Date
1. Time
2. CO(GT)
3. PT08.S1(CO)
4. NMHC(GT)
5. C6H6(GT)
6. PT08.S2(NMHC)
7. NOx(GT)
8. PT08.S3(NOx)
9. NO2(GT)
10. PT08.S4(NO2)
11. PT08.S5(O3)
12. T
13. RH
14. AH

File: data/air_quality.csv

Pattern : Support
['2+', '3+', '5+', '6+', '7+', '9+'] : 0.505


Iteration: Best Cost
0: 4.767921424654922e-06 
1: 4.767921424654922e-06 
2: 4.767921424654922e-06 
3: 4.767921424654922e-06 
4: 4.767921424654922e-06 
5: 4.767921424654922e-06 
6: 4.767921424654922e-06 
7: 4.767921424654922e-06 
8: 4.767921424654922e-06 
9: 4.767921424654922e-06 
10: 4.767921424654922e-06 
11: 4.767921424654922e-06 
12: 4.767921424654922e-06 
13: 4.767921424654922e-06 
14: 4.767921424654922e-06 
15: 4.767921424654922e-06 
16: 4.767921424654922e-06 
17: 4.767921424654922e-06 
18: 4.767921424654922e-06 
19: 4.767921424654922e-06 
