Run-time: 1.7056081295013428 seconds
Total allocated memory size: 294.4 KiB
Algorithm: GA-GRAANK (v2.0)
Search Space: Numeric
No. of (dataset) attributes: 21
No. of (dataset) tuples: 522
Population size: 12
PC: 0.913
Gamma: 0.529
Mu: 0.856
Sigma: 0.209
Number of iterations: 20
Number of cost evaluations: 400
Candidates: [369612306584, 444831008421, 399123005844, 448310084221, 747611799938, 737317603354, 476117999388, 373376633544, 638265076019, 342774106454, 388660760199, 427741164444, 687365543636, 788995997032, 677355436366, 888959970022, 732134086285, 967806181037, 321144862855, 678066810377, 374613144093, 345654724605, 746111440033, 456544746055, 484643632392, 753776949789, 846436633922, 537769497899, 805083959591, 433336622590, 50839599591, 333366222990, 335942790573, 452940162224, 359427905733, 529400662244, 393921887279, 776982797558, 939218872299, 769827975588, 469051330851, 455376752757, 490513308511, 553777727577, 847696732533, 848499723371, 476967322333, 484997733711, 490166992522, 515351669109, 991669995222, 113511691199, 538277495497, 588099399100, 388774954477, 880993991000, 841166987218, 725859793180, 411669872188, 228597931800, 692223323873, 750514373725, 622223338733, 505143737225, 526726116199, 503169610765, 267261161999, 1696100655, 424460814827, 449197679082, 244668118277, 441976790822, 735048703602, 603293174540, 350487036622, 32931745400, 469455946693, 788650559416, 694559466933, 886555594166, 357101306676, 421126894389, 551013366766, 211268943389, 464394948340, 462579576192, 443949483440, 425795761922, 482921836155, 401198903399, 829218361555, 11989933999, 338992592726, 482046296849, 389925927266, 820442966499, 884410666408, 850985937535, 844116664088, 509859375555, 549498663001, 449824787985, 499986630011, 498844879855, 460847041110, 468100176040, 608470411100, 681001760000, 735516994187, 420704137833, 355169941887, 207041177333, 438030095356, 790311272042, 380300955566, 703112720422, 705624423330, 513941549012, 56244233300, 139445490122, 737951853503, 418269278517, 777518535033, 482299785177, 880768087334, 398117809953, 887680073344, 981117099933, 397413657894, 391635275215, 974136678944, 316355752155, 665460465148, 485962339494, 655600651488, 459623334944, 408253018816, 429982992670, 8530088166, 299829926700, 767698368038, 776862253471, 676988680388, 768622534711, 170608375718, 534200445358, 706088757188, 344004453588, 441412633808, 401659855475, 411126638088, 16558854755, 197683609616, 71273653037, 976636096166, 72236533377, 380501111838, 330709533600, 805001118388, 307005336600, 606074029735, 496161696530, 60740299335, 961611965500, 589152567739, 333709245747, 891555677399, 337092455477, 841389267092, 876789064484, 411892260992, 766790644884, 416729846179, 426342643104, 467298461799, 223426431004, 817456592917, 774616097526, 174465522977, 746660975226, 313383348501, 32317205741, 133883485011, 23112057441, 551736311503, 552174424205, 517363115533, 521774242055, 710738770369, 662520914418, 100387703699, 622209144488, 297121760078, 103697346420, 971217600788, 36673364200, 819115486316, 665703526726, 191154863166, 657035267266, 272105618674, 339159996912, 721056116644, 391559969922, 30727379210, 7642085644, 7273772100, 6420856644, 16666592193, 21702872661, 66665921933, 17028722611, 242737367433, 623154358321, 427373664333, 231153583211, 103590740832, 346415444043, 3907408322, 364114440433, 663164045974, 41644775102, 631640459744, 16447751002, 692364969285, 409870756980, 923669692855, 498707766900, 284122846300, 686251036120, 241228443000, 866510361200, 226697034746, 42260227907, 266970347766, 22602279977, 520629969580, 626432234281, 206299965800, 264322332881, 43348853021, 357470253477, 33488530221, 574702534477, 258217430735, 376886915870, 582174307355, 366889158700, 165072380238, 257162683046, 650023802338, 571626830466, 12862054304, 256095208349, 22620553044, 560952208499, 12458704648, 25910760206, 12487046488, 59107602066, 38573846135, 234817358274, 85733461355, 348177582744, 337877091750, 7823462492, 378770917500, 8234624922, 416640881140, 371313055887, 166408811100, 713130558887, 566287572683, 159937205179, 562875726833, 599977051799, 382325725410, 405628211617, 883257224400, 56282116177, 409155511074, 225948835531, 91555110744, 259488355511, 336719793099, 198439523654, 366197930999, 984395236544, 441507370843, 346446566184, 441073708433, 464445661844, 191891272920, 98481946519, 198812229200, 94819465199, 396669627245, 167902200242, 966696677455, 669022002422, 336610593337, 227961234150, 366115933377, 279611331100, 147723173144, 80105054221, 477231731444, 1050542221, 105160764861, 253655507881, 51607648661, 536655078811, 559698538236, 334569045351, 556985388366, 335690453511, 206280591434, 533505493187, 2885594344, 335054931877, 133029641525, 157343577914, 133096415255, 573433779114, 208152033862, 95782492336, 81550338622, 57884422366, 26131525996, 241889363990, 61315259966, 218893633900, 478215580334, 483783152342, 482155803344, 437831522442, 300570532570, 289707336439, 5705325700, 297073336399, 337537166371, 252740702638, 375331663711, 527407026338, 1785380789, 2150755775, 7853807899, 2507557755, 123121152538, 147025603804, 221211525388, 470256038044, 118955686544, 150001576109, 119556865444, 500011761009, 31020759583, 83646408601, 10207595883, 36444086001, 22882119266, 1280480395, 28821192666, 2804803955, 11925745808, 14071905976, 19257458088, 40719005966, 214872510413, 243252700518, 148725514133, 233227005188, 21012592636, 4985059148, 10115996336, 9850591448, 465829432297, 120158351976, 458294322977, 201553519776, 202906812275, 72208157622, 229068122755, 22081576222, 123813012354, 462174771919, 238130122544, 621147719199, 1328173995, 2607962569, 1221733955, 6007625699, 325058050306, 26800211180, 255580000066, 68002111800, 408317810123, 421819078708, 83178100223, 218190077088]
Minimum support: 0.5
Number of cores: 14
Number of patterns: 4
Number of invalid patterns: 122

0. Date
1. BUDAPEST
2. BARANYA
3. BACS
4. BEKES
5. BORSOD
6. CSONGRAD
7. FEJER
8. GYOR
9. HAJDU
10. HEVES
11. JASZ
12. KOMAROM
13. NOGRAD
14. PEST
15. SOMOGY
16. SZABOLCS
17. TOLNA
18. VAS
19. VESZPREM
20. ZALA

File: data/hungary_chickenpox.csv

Pattern : Support
['1+', '2+', '3+', '5+', '8+'] : 0.515
['1+', '2+', '3+', '5+', '19+'] : 0.5
['1+', '2+', '3+', '4+', '14+'] : 0.504
['1+', '2+', '3+', '6+'] : 0.524


Iteration: Best Cost
0: 0.00510204081632653 
1: 0.00510204081632653 
2: 0.00510204081632653 
3: 0.000782472613458529 
4: 0.00038595137012736397 
5: 0.00038595137012736397 
6: 0.00038595137012736397 
7: 0.00038595137012736397 
8: 0.00038595137012736397 
9: 0.0002690341673392521 
10: 0.0002690341673392521 
11: 0.0002690341673392521 
12: 0.0002690341673392521 
13: 0.0002690341673392521 
14: 2.6406126221283338e-05 
15: 2.6406126221283338e-05 
16: 2.6406126221283338e-05 
17: 2.6406126221283338e-05 
18: 2.6406126221283338e-05 
19: 2.6406126221283338e-05 
