Run-time: 1.322373867034912 seconds
Total allocated memory size: 283.2 KiB
Algorithm: GA-GRAANK (v1.0)
Search Space: Bitmap
No. of (dataset) attributes: 21
No. of (dataset) tuples: 522
Population size: 12
PC: 0.5
Gamma: 529
Mu: 0.856
Sigma: 0.209
Number of iterations: 20
Number of cost evaluations: 240
Candidates: [664216905109.0, 452491369066.0, 664216905109.0, 452491369066.0, 664225359221.0, 435315645114.0, 664221164901.0, 435311450794.0, 662806553940.0, 436502698664.0, 662873662805.0, 436636916394.0, 711247698533.0, 388263929242.0, 711247698533.0, 388263929242.0, 715688082056.0, 387928716612.0, 715755186842.0, 387995817317.0, 797294040423.0, 508171217563.0, 728641410405.0, 370798848665.0, 608369211026.0, 611400726881.0, 642729465498.0, 731660327273.0, 658109763930.0, 434690663077.0, 658646669658.0, 435495986853.0, 667219765669.0, 444102956698.0, 658629831077.0, 435513022106.0, 938825329045.0, 1002495694442.0, 663947422101.0, 452739880554.0, 679834921058.0, 745271350417.0, 646012578410.0, 728628614809.0, 659993027945.0, 439535377046.0, 659993027945.0, 439535377046.0, 453235071634.0, 645483832673.0, 453499312790.0, 645743879525.0, 917354424662.0, 1002495956633.0, 642476517718.0, 727618049689.0, 654334863991.0, 724349588923.0, 658629831253.0, 728644556185.0, 655341757815.0, 723342695099.0, 659636725078.0, 727637662378.0, 709568570025.0, 383231856982.0, 710373894825.0, 384037181782.0, 662790580373.0, 453695394918.0, 662924798357.0, 453829613158.0, 504161461675.0, 801303796311.0, 366856463785.0, 663998536277.0, 745271350418.0, 679834921057.0, 711449007510.0, 662923749993.0, 731928683929.0, 367599721062.0, 731928683929.0, 367599721062.0, 315853798033.0, 576694105506.0, 453829618325.0, 645682009510.0, 641738300334.0, 732936382365.0, 641738300074.0, 732936381849.0, 1002495694442.0, 938825329045.0, 452739880554.0, 663947422101.0, 679834921058.0, 745271350417.0, 663192447334.0, 711449007513.0, 594221298837.0, 299148687462.0, 662940771989.0, 367868160358.0, 662806553940.0, 436502698664.0, 662873662805.0, 436569807529.0, 917354686870.0, 1002495694425.0, 642476779926.0, 727617787481.0, 522751414630.0, 800900670041.0, 385044027750.0, 731644323417.0, 435697369785.0, 664418222454.0, 435563157161.0, 664284009814.0, 682521373409.0, 746698462673.0, 663192447589.0, 728444065109.0, 659586378386.0, 435428955809.0, 659653487258.0, 435563173545.0, 663880313240.0, 435428939364.0, 663947422106.0, 435563157093.0, 522285623701.0, 783451493994.0, 453566163349.0, 646012573290.0, 521341068681.0, 784407550598.0, 384036332969.0, 647035706022.0, 638236910933.0, 723279518378.0, 642524013909.0, 731865520810.0, 779157395310.0, 526508207005.0, 710437918314.0, 457788730009.0, 572683565529.0, 320401209062.0, 641403038041.0, 389120681574.0, 453830399578.0, 645682276774.0, 453830399578.0, 645682276774.0, 654338009723.0, 724346443191.0, 662927944298.0, 732936377750.0, 453566158022.0, 645945468105.0, 453566158422.0, 645945468249.0, 665273607766.0, 712337168809.0, 664199865942.0, 710189685161.0, 730856004026.0, 434153875125.0, 733003487642.0, 436301358741.0, 800833774181.0, 522818310490.0, 731577427557.0, 385110922586.0, 439803794778.0, 659707832997.0, 439803794778.0, 659707832997.0, 750114929305.0, 675814159782.0, 732935051929.0, 658634286502.0, 161356356261.0, 113319175578.0, 436368480933.0, 388331300250.0, 663126365618.0, 436368485041.0, 663126365606.0, 436368485013.0, 794139662438.0, 776744625305.0, 663143160166.0, 646821864857.0, 645682276774.0, 453830399578.0, 645682276774.0, 453830399578.0, 387928708452.0, 711380544152.0, 387995817317.0, 711447653018.0, 712538494314.0, 665072282261.0, 711464752490.0, 662924798613.0, 382698101678.0, 730772166493.0, 384845584810.0, 732919649881.0, 645483832673.0, 453235071634.0, 645748073829.0, 453763553942.0, 388263929242.0, 711247698533.0, 388263929242.0, 711247698533.0, 646968605064.0, 456648193604.0, 647035709866.0, 456715294293.0, 320690877542.0, 572679108757.0, 389410346342.0, 641398581653.0, 662790579559.0, 436519721627.0, 662857688421.0, 436653939354.0, 727373421242.0, 372167583093.0, 727369226906.0, 372159194453.0, 387995821397.0, 728712452778.0, 387995821397.0, 728712452778.0]
Minimum support: 0.5
Number of cores: 14
Number of patterns: 1
Number of invalid patterns: 226

0. Date
1. BUDAPEST
2. BARANYA
3. BACS
4. BEKES
5. BORSOD
6. CSONGRAD
7. FEJER
8. GYOR
9. HAJDU
10. HEVES
11. JASZ
12. KOMAROM
13. NOGRAD
14. PEST
15. SOMOGY
16. SZABOLCS
17. TOLNA
18. VAS
19. VESZPREM
20. ZALA

File: data/hungary_chickenpox.csv

Pattern : Support
['1+', '7+', '14+'] : 0.647


Iteration: Best Cost
0: 0.0013812154696132596 
1: 0.0013812154696132596 
2: 0.0013812154696132596 
3: 0.0013812154696132596 
4: 0.0013812154696132596 
5: 0.0013812154696132596 
6: 0.0013812154696132596 
7: 0.0013812154696132596 
8: 0.0013812154696132596 
9: 0.0013812154696132596 
10: 0.0013812154696132596 
11: 0.0013812154696132596 
12: 0.0013812154696132596 
13: 0.0013812154696132596 
14: 0.0013812154696132596 
15: 0.0013812154696132596 
16: 0.0013812154696132596 
17: 0.0013812154696132596 
18: 0.0013812154696132596 
19: 0.0013812154696132596 
