Run-time: 0.9256882667541504 seconds
Total allocated memory size: 283.5 KiB
Algorithm: GA-GRAANK (v2.0)
Search Space: Numeric
No. of (dataset) attributes: 21
No. of (dataset) tuples: 522
Population size: 12
PC: 0.5
Gamma: 529
Mu: 0.856
Sigma: 0.209
Number of iterations: 20
Number of cost evaluations: 240
Candidates: [1099511627775, 0, 95511277755, 0, 1099511627775, 0, 995116277755, 0, 1099511627775, 0, 95116677755, 0, 1099511627775, 0, 995516277755, 0, 1099511627775, 0, 995116277755, 0, 1099511627775, 0, 999116277755, 0, 0, 1099511627775, 0, 995116277755, 0, 1099511627775, 0, 995116677755, 0, 1099511627775, 0, 995116227755, 1099511627775, 0, 995111277755, 0, 1099511627775, 0, 995116277755, 0, 0, 1099511627775, 0, 95116277755, 94977316319, 95255639190, 49773163119, 52555391900, 1099511627775, 0, 995116677755, 0, 0, 1099511627775, 0, 995116277755, 0, 1099511627775, 0, 995116277775, 0, 1099511627775, 0, 95116677755, 0, 1099511627775, 0, 95116277755, 0, 1099511627775, 0, 95116277755, 95248656148, 94984299361, 95486651488, 49842993611, 994369356854, 995858148655, 943693568544, 955581486555, 0, 1099511627775, 0, 995116277755, 1099511627775, 0, 995116277755, 0, 1099511627775, 0, 95111277755, 0, 0, 1099511627775, 0, 999116277755, 95131580071, 95101375438, 51315800711, 51013754388, 1099511627775, 0, 999116277775, 0, 1099511627775, 0, 995111677755, 0, 0, 1099511627775, 0, 995116227755, 95116277755, 95116277755, 51162777555, 51162777555, 0, 1099511627775, 0, 995111227775, 0, 1099511627775, 0, 995116277755, 0, 1099511627775, 0, 995116277755, 0, 1099511627775, 0, 995116277755, 1099511627775, 0, 995116277755, 0, 999116268904, 999116286625, 991162689044, 991162886255, 1099511627775, 0, 995116277755, 0, 999116272870, 999116282659, 991162722700, 991162886559, 0, 1099511627775, 0, 999116277755, 0, 1099511627775, 0, 995116227755, 0, 1099511627775, 0, 999116677755, 0, 1099511627775, 0, 995516277755, 0, 1099511627775, 0, 995116277755, 1099511627775, 0, 995116677755, 0, 0, 1099511627775, 0, 995116627755, 51162777555, 51162777555, 11627775555, 11627775555, 545498881940, 1099511627775, 454988819400, 995116277755, 999277534222, 998955421287, 992275332222, 989555212877, 999116275782, 999116279747, 991162777882, 991162777447, 1099511627775, 0, 995116277755, 0, 1099511627775, 0, 995116277775, 0, 123191041080, 0, 233911410880, 0, 1099511627775, 0, 995516277755, 0, 0, 1099511627775, 0, 1099511627775, 1099511627775, 0, 1099511627775, 0, 0, 504038252119, 0, 40388521199, 0, 1099511627775, 0, 95116277775, 0, 1099511627775, 0, 995111227775, 1099511627775, 0, 995116277755, 0, 1099511627775, 0, 995116277755, 0]
Minimum support: 0.5
Number of cores: 14
Number of patterns: 1
Number of invalid patterns: 137

0. Date
1. BUDAPEST
2. BARANYA
3. BACS
4. BEKES
5. BORSOD
6. CSONGRAD
7. FEJER
8. GYOR
9. HAJDU
10. HEVES
11. JASZ
12. KOMAROM
13. NOGRAD
14. PEST
15. SOMOGY
16. SZABOLCS
17. TOLNA
18. VAS
19. VESZPREM
20. ZALA

File: data/hungary_chickenpox.csv

Pattern : Support
['1+', '2+', '3+', '4+', '14+'] : 0.504


Iteration: Best Cost
0: 3.665017408832692e-05 
1: 3.665017408832692e-05 
2: 3.665017408832692e-05 
3: 3.665017408832692e-05 
4: 3.665017408832692e-05 
5: 3.665017408832692e-05 
6: 3.665017408832692e-05 
7: 3.665017408832692e-05 
8: 3.665017408832692e-05 
9: 3.665017408832692e-05 
10: 3.665017408832692e-05 
11: 3.665017408832692e-05 
12: 3.665017408832692e-05 
13: 3.665017408832692e-05 
14: 3.665017408832692e-05 
15: 3.665017408832692e-05 
16: 3.665017408832692e-05 
17: 3.665017408832692e-05 
18: 3.665017408832692e-05 
19: 3.665017408832692e-05 
