Run-time: 278.34254789352417 seconds
Total allocated memory size: 281.2 KiB
Algorithm: GA-GRAANK (v2.0)
Search Space: Numeric
No. of (dataset) attributes: 15
No. of (dataset) tuples: 9357
Population size: 20
PC: 0.382
Gamma: 0.547
Mu: 0.741
Sigma: 0.654
Number of iterations: 20
Number of cost evaluations: 320
Candidates: [14519558, 11250308, 16777215, 12503088, 1994455, 2128083, 9944555, 1288833, 11635034, 11065007, 16350344, 11655007, 3314767, 3433875, 3147677, 4338775, 14916915, 3976075, 16777215, 9770775, 13610378, 13325656, 16103788, 16777215, 12176439, 9620838, 16777215, 6200888, 9803596, 3909305, 9035966, 9003055, 15213970, 13379926, 16777215, 16777215, 11754097, 7952322, 16777215, 9523222, 7677502, 4458943, 6775022, 4589433, 5299413, 9884282, 5294433, 8842822, 15083243, 6032746, 16777215, 337766, 15727622, 15691150, 16777215, 16777215, 14289023, 14143198, 16777215, 16777215, 16777215, 16777215, 16777215, 16777215, 16777214, 16777214, 16777215, 16777215, 16777214, 16777214, 16777215, 16777215, 16777215, 16777215, 16777215, 16777215, 16777215, 16777215, 16777215, 16777215, 16777215, 16777215, 16777215, 16777215, 14802074, 14478228, 16777215, 14482288, 16777215, 16777215, 16777215, 16777215, 16777215, 16777215, 16777215, 16772155, 16777215, 16777215, 16777215, 16777215, 16777215, 16777215, 16777215, 16777215, 16777214, 16777214, 16777215, 16777215, 16773498, 16775871, 16777215, 16777215, 16777215, 16777215, 16777215, 16777215, 16777215, 16777215, 16777215, 16777215, 16777215, 16777215, 16777215, 16777215, 14125404, 9426832, 11154004, 4228832, 16777215, 16777215, 16777215, 16777215, 16777215, 16777215, 16777215, 16777215, 16773713, 16775656, 16777215, 16777215, 16777214, 16777214, 16777215, 16777215, 15406462, 8145774, 16777215, 1447744, 10210551, 11156096, 2215511, 11560066, 16777215, 16777215, 16777215, 16772115, 16777215, 16777215, 16777215, 16777215, 16777215, 16777215, 16777215, 16777215, 9168511, 11837535, 1685511, 16777215, 16777215, 16777215, 16777215, 16777215, 14732003, 8820233, 16777215, 8220333, 16777215, 16777215, 16772115, 16777215, 2321039, 3716137, 3221399, 7761377, 7928451, 13438196, 7224551, 16777215, 16777215, 16777215, 16777215, 16777215, 16777215, 16777215, 16777215, 16777215, 8629334, 12737313, 6299334, 16777215, 7229850, 6720981, 2298800, 7220811, 16777215, 16777215, 16777215, 16777215, 6248316, 15113271, 2443316, 16777215, 15549785, 13730517, 16777215, 16777215, 6973211, 11251747, 9732111, 11511777, 16777215, 16777215, 16777215, 16777215, 16777215, 16777215, 16777215, 16777215, 16777215, 16777215, 16777215, 16777215, 16777215, 16777215, 16777215, 16777215, 16777215, 16777215, 16777215, 16777215, 8793966, 14758270, 7939966, 16777215, 11621802, 9384244, 16228802, 3844244, 16777215, 16777215, 16777215, 16777215, 16777215, 16777215, 16777215, 16777215, 16777215, 16777215, 16777215, 16777215, 16772659, 16776710, 16777215, 16777215, 11557901, 5534619, 15559011, 5346199, 16777215, 16777215, 16777215, 16777215, 16777215, 16777215, 16777215, 16777215, 16777215, 16777215, 16777215, 16777215, 16777214, 16777214, 16777215, 16777215, 10226987, 7997971, 10229987, 7977711, 10280497, 9983967, 10804477, 9839677, 16777215, 16777215, 16777215, 16772155, 16777215, 16777215, 16777215, 16777215, 16777215, 16777215, 16777215, 16777215, 14594714, 14680528, 16777215, 16605228, 10812067, 10554580, 16777215, 5545500, 16777215, 16777215, 16777215, 16777215, 15264378, 14015924, 16777215, 16777215]
Minimum support: 0.5
Number of cores: 14
Number of patterns: 1
Number of invalid patterns: 33

0. Date
1. Time
2. CO(GT)
3. PT08.S1(CO)
4. NMHC(GT)
5. C6H6(GT)
6. PT08.S2(NMHC)
7. NOx(GT)
8. PT08.S3(NOx)
9. NO2(GT)
10. PT08.S4(NO2)
11. PT08.S5(O3)
12. T
13. RH
14. AH

File: data/air_quality.csv

Pattern : Support
['2+', '3+', '5+', '6+', '7+', '9+'] : 0.505


Iteration: Best Cost
0: 9.120500970877329e-08 
1: 9.120500970877329e-08 
2: 9.120500970877329e-08 
3: 9.120500970877329e-08 
4: 9.120500970877329e-08 
5: 9.120500970877329e-08 
6: 9.120500970877329e-08 
7: 9.120500970877329e-08 
8: 9.120500970877329e-08 
9: 9.120500970877329e-08 
10: 9.120500970877329e-08 
11: 9.120500970877329e-08 
12: 9.120500970877329e-08 
13: 9.120500970877329e-08 
14: 9.120500970877329e-08 
15: 9.120500970877329e-08 
16: 9.120500970877329e-08 
17: 9.120500970877329e-08 
18: 9.120500970877329e-08 
19: 9.120500970877329e-08 
