Run-time: 659.1580867767334 seconds
Total allocated memory size: 283.4 KiB
Algorithm: GA-GRAANK (v1.0)
Search Space: Bitmap
No. of (dataset) attributes: 15
No. of (dataset) tuples: 9357
Population size: 20
PC: 0.5
Gamma: 547
Mu: 0.741
Sigma: 0.654
Number of iterations: 20
Number of cost evaluations: 400
Candidates: [10314838.0, 7231593.0, 9790806.0, 6707817.0, 7166309.0, 10394202.0, 6904165.0, 10132058.0, 11052650.0, 10770773.0, 11183722.0, 10901845.0, 2787757.0, 1394270.0, 11180453.0, 9786966.0, 11180696.0, 9804136.0, 11180697.0, 9804137.0, 10066264.0, 10922664.0, 10066265.0, 10922666.0, 6969701.0, 10853017.0, 6969701.0, 10853017.0, 11376981.0, 6183530.0, 11114837.0, 5921386.0, 9857365.0, 6923882.0, 9857365.0, 6923882.0, 10132058.0, 11183722.0, 10132058.0, 11183722.0, 10856773.0, 5920394.0, 10856805.0, 5920426.0, 11376218.0, 7235941.0, 10851930.0, 6711653.0, 6968213.0, 10855274.0, 6969749.0, 10856042.0, 2431333.0, 1713818.0, 10852709.0, 5924506.0, 6658389.0, 11162982.0, 6658389.0, 11162982.0, 5921386.0, 10132058.0, 5921386.0, 10132058.0, 6658389.0, 11180453.0, 6658389.0, 11180453.0, 11183722.0, 10856042.0, 11183722.0, 10856042.0, 11180697.0, 10132058.0, 11180697.0, 10132058.0, 5921386.0, 10132058.0, 5921386.0, 10132058.0, 11183722.0, 11180453.0, 11183722.0, 11180453.0, 11162982.0, 11183722.0, 11162982.0, 11183722.0, 10132058.0, 10132058.0, 10132058.0, 10132058.0, 10132058.0, 11183722.0, 10132058.0, 11183722.0, 10132058.0, 11183722.0, 10132058.0, 11183722.0, 11183722.0, 11180453.0, 11183722.0, 11180453.0, 11183722.0, 6658389.0, 11183722.0, 6658389.0, 11183722.0, 11180697.0, 11183722.0, 11180697.0, 11180453.0, 11183722.0, 11180453.0, 11183722.0, 11180697.0, 11183722.0, 11180697.0, 11183722.0, 11180697.0, 11180697.0, 11180697.0, 11180697.0, 6658389.0, 11180697.0, 6658389.0, 11180697.0, 11180453.0, 10856805.0, 11180453.0, 10856805.0, 11183722.0, 11183722.0, 11183722.0, 11183722.0, 11180453.0, 11180453.0, 11180453.0, 11180453.0, 11180453.0, 11180453.0, 11180453.0, 11180453.0, 11180453.0, 11180453.0, 11180453.0, 11180453.0, 11180453.0, 6658389.0, 11180453.0, 6658389.0, 11180453.0, 11180697.0, 11180453.0, 11180697.0, 11180453.0, 11180697.0, 11180453.0, 11180697.0, 11180697.0, 11180453.0, 11180697.0, 11180453.0, 11180697.0, 11180453.0, 11180697.0, 11180453.0, 11180697.0, 11180697.0, 11180697.0, 11180697.0, 11180697.0, 11180453.0, 11180697.0, 11180453.0, 11180697.0, 11180453.0, 11180697.0, 11180453.0, 11180697.0, 11180697.0, 11180697.0, 11180697.0, 11180697.0, 11180453.0, 11180697.0, 11180453.0, 11180453.0, 11180697.0, 11180453.0, 11180697.0, 11180453.0, 11180697.0, 11180453.0, 11180697.0, 11180453.0, 11180697.0, 11180453.0, 11180697.0, 11180697.0, 11180697.0, 11180697.0, 11180697.0, 11180697.0, 11180697.0, 11180697.0, 11180697.0, 11180697.0, 11180697.0, 11180697.0, 11180697.0, 11180697.0, 11180697.0, 11180697.0, 11180697.0, 11180697.0, 11180697.0, 11180697.0, 11180697.0, 11180697.0, 11180697.0, 11180697.0, 11180697.0, 11180697.0, 11180697.0, 11180697.0, 11180697.0, 11180697.0, 11180697.0, 11180697.0, 11180697.0, 11180697.0, 11180697.0, 11180697.0, 11180697.0, 11180697.0, 11180697.0, 11180697.0, 11180697.0, 11180697.0, 11180697.0, 11180697.0, 11180697.0, 11180697.0, 11180697.0, 11180697.0, 11180697.0, 11180697.0, 11180697.0, 11180697.0, 11180697.0, 11180697.0, 11180697.0, 11180697.0, 11180697.0, 11180697.0, 11180697.0, 11180697.0, 11180697.0, 11180697.0, 11180697.0, 11180697.0, 11180697.0, 11180697.0, 11180697.0, 11180697.0, 11180697.0, 11180697.0, 11180697.0, 11180697.0, 11180697.0, 11180697.0, 11180697.0, 11180697.0, 11180697.0, 11180697.0, 11180697.0, 11180697.0, 11180697.0, 11180697.0, 11180697.0, 11180697.0, 11180697.0, 11180697.0, 11180697.0, 11180697.0, 11180697.0, 11180697.0, 11180697.0, 11180697.0, 11180697.0, 11180697.0, 11180697.0, 11180697.0, 11180697.0, 11180697.0, 11180697.0, 11180697.0, 11180697.0, 11180697.0, 11180697.0, 11180697.0, 11180697.0, 11180697.0, 11180697.0, 11180697.0, 11180697.0, 11180697.0, 11180697.0, 11180697.0, 11180697.0, 11180697.0, 11180697.0, 11180697.0, 11180697.0, 11180697.0, 11180697.0, 11180697.0, 11180697.0, 11180697.0, 11180697.0, 11180697.0, 11180697.0, 11180697.0, 11180697.0, 11180697.0, 11180697.0, 11180697.0, 11180697.0, 11180697.0, 11180697.0, 11180697.0, 11180697.0, 11180697.0, 11180697.0, 11180697.0, 11180697.0, 11180697.0, 11180697.0, 11180697.0, 11180697.0, 11180697.0, 11180697.0, 11180697.0, 11180697.0, 11180697.0, 11180697.0, 11180697.0, 11180697.0, 11180697.0, 11180697.0, 11180697.0, 11180697.0, 11180697.0, 11180697.0, 11180697.0, 11180697.0, 11180697.0, 11180697.0, 11180697.0, 11180697.0, 11180697.0, 11180697.0, 11180697.0, 11180697.0, 11180697.0, 11180697.0, 11180697.0, 11180697.0, 11180697.0, 11180697.0, 11180697.0, 11180697.0, 11180697.0, 11180697.0, 11180697.0, 11180697.0, 11180697.0, 11180697.0, 11180697.0, 11180697.0, 11180697.0, 11180697.0, 11180697.0, 11180697.0, 11180697.0, 11180697.0, 11180697.0, 11180697.0, 11180697.0, 11180697.0, 11180697.0, 11180697.0, 11180697.0, 11180697.0, 11180697.0, 11180697.0, 11180697.0, 11180697.0]
Minimum support: 0.5
Number of cores: 14
Number of patterns: 1
Number of invalid patterns: 18

0. Date
1. Time
2. CO(GT)
3. PT08.S1(CO)
4. NMHC(GT)
5. C6H6(GT)
6. PT08.S2(NMHC)
7. NOx(GT)
8. PT08.S3(NOx)
9. NO2(GT)
10. PT08.S4(NO2)
11. PT08.S5(O3)
12. T
13. RH
14. AH

File: data/air_quality.csv

Pattern : Support
['2+', '3+', '5+', '6+', '7+', '9+'] : 0.505


Iteration: Best Cost
0: 2.242553209620643e-07 
1: 2.242553209620643e-07 
2: 2.242553209620643e-07 
3: 2.242553209620643e-07 
4: 2.242553209620643e-07 
5: 2.242553209620643e-07 
6: 2.242553209620643e-07 
7: 2.242553209620643e-07 
8: 2.242553209620643e-07 
9: 2.242553209620643e-07 
10: 2.242553209620643e-07 
11: 2.242553209620643e-07 
12: 2.242553209620643e-07 
13: 2.242553209620643e-07 
14: 2.242553209620643e-07 
15: 2.242553209620643e-07 
16: 2.242553209620643e-07 
17: 2.242553209620643e-07 
18: 2.242553209620643e-07 
19: 2.242553209620643e-07 
