Run-time: 0.40828537940979004 seconds
Total allocated memory size: 259.9 KiB
Algorithm: GA-GRAANK (v1.0)
Search Space: Bitmap
No. of (dataset) attributes: 10
No. of (dataset) tuples: 116
Population size: 8
PC: 0.776
Gamma: 0.746
Mu: 0.842
Sigma: 0.681
Number of iterations: 20
Number of cost evaluations: 240
Candidates: [174680.0, 87396.0, 174682.0, 87398.0, 158358.0, 107877.0, 158358.0, 107877.0, 107941.0, 154202.0, 107941.0, 154202.0, 107942.0, 154202.0, 107942.0, 154202.0, 174682.0, 91798.0, 174682.0, 91798.0, 107941.0, 91798.0, 107941.0, 91798.0, 107941.0, 174682.0, 107941.0, 174682.0, 107941.0, 174682.0, 107941.0, 174682.0, 174682.0, 174682.0, 174682.0, 174682.0, 174682.0, 174682.0, 174682.0, 174682.0, 174682.0, 174682.0, 174682.0, 174682.0, 174682.0, 174682.0, 174682.0, 174682.0, 174682.0, 174682.0, 174682.0, 174682.0, 174682.0, 174682.0, 174682.0, 174682.0, 174682.0, 174682.0, 174682.0, 174682.0, 174682.0, 174682.0, 174682.0, 174682.0, 174682.0, 174682.0, 174682.0, 174682.0, 87398.0, 174682.0, 87398.0, 174682.0, 87398.0, 87398.0, 87398.0, 87398.0, 174682.0, 174682.0, 174682.0, 174682.0, 174682.0, 174682.0, 174682.0, 174682.0, 87398.0, 174682.0, 87398.0, 174682.0, 174682.0, 87398.0, 174682.0, 87398.0, 174682.0, 87398.0, 174682.0, 87398.0, 87398.0, 87398.0, 87398.0, 87398.0, 87398.0, 87398.0, 87398.0, 87398.0, 87398.0, 87398.0, 87398.0, 87398.0, 87398.0, 87398.0, 87398.0, 87398.0, 87398.0, 87398.0, 87398.0, 87398.0, 87398.0, 87398.0, 87398.0, 87398.0, 87398.0, 87398.0, 87398.0, 87398.0, 87398.0, 87398.0, 87398.0, 87398.0, 87398.0, 87398.0, 87398.0, 87398.0, 87398.0, 87398.0, 87398.0, 87398.0, 87398.0, 87398.0, 87398.0, 87398.0, 87398.0, 87398.0, 87398.0, 87398.0, 87398.0, 87398.0, 87398.0, 87398.0, 87398.0, 87398.0, 87398.0, 87398.0, 87398.0, 87398.0, 87398.0, 87398.0, 87398.0, 87398.0, 87398.0, 87398.0, 87398.0, 87398.0, 87398.0, 87398.0, 87398.0, 87398.0, 87398.0, 87398.0, 87398.0, 87398.0, 87398.0, 87398.0, 87398.0, 87398.0, 87398.0, 87398.0, 87398.0, 87398.0, 87398.0, 87398.0, 87398.0, 87398.0, 87398.0, 87398.0, 87398.0, 87398.0, 87398.0, 87398.0, 87398.0, 87398.0, 87398.0, 87398.0, 87398.0, 87398.0, 87398.0, 87398.0, 87398.0, 87398.0, 87398.0, 87398.0, 87398.0, 87398.0, 87398.0, 87398.0, 87398.0, 87398.0, 87398.0, 87398.0, 87398.0, 87398.0, 87398.0, 87398.0, 87398.0, 87398.0, 87398.0, 87398.0, 87398.0, 87398.0, 87398.0, 87398.0, 87398.0, 87398.0, 87398.0, 87398.0, 87398.0, 87398.0, 87398.0, 87398.0, 87398.0, 87398.0, 87398.0, 87398.0, 87398.0, 87398.0, 87398.0, 87398.0, 87398.0, 87398.0, 87398.0, 87398.0]
Minimum support: 0.5
Number of cores: 14
Number of patterns: 1
Number of invalid patterns: 0

0. Age
1. BMI
2. Glucose
3. Insulin
4. HOMA
5. Leptin
6. Adiponectin
7. Resistin
8. MCP.1
9. Classification

File: data/breast_cancer.csv

Pattern : Support
['0-', '2-'] : 0.544


Iteration: Best Cost
0: 0.002109704641350211 
1: 0.002109704641350211 
2: 0.002109704641350211 
3: 0.002109704641350211 
4: 0.002109704641350211 
5: 0.002109704641350211 
6: 0.002109704641350211 
7: 0.002109704641350211 
8: 0.002109704641350211 
9: 0.002109704641350211 
10: 0.002109704641350211 
11: 0.002109704641350211 
12: 0.002109704641350211 
13: 0.002109704641350211 
14: 0.002109704641350211 
15: 0.002109704641350211 
16: 0.002109704641350211 
17: 0.002109704641350211 
18: 0.002109704641350211 
19: 0.002109704641350211 
