Run-time: 88.3893723487854 seconds
Total allocated memory size: 302.3 KiB
Algorithm: GA-GRAANK (v2.0)
Search Space: Numeric
No. of (dataset) attributes: 98
No. of (dataset) tuples: 3942
Population size: 20
PC: 0.5
Gamma: 547
Mu: 0.741
Sigma: 0.654
Number of iterations: 20
Number of cost evaluations: 400
Candidates: [1329227995784915872903807060280344575, 0, 1329227995784915872903807060280344575, 0, 1329227995784915872903807060280344575, 0, 1329227995784915872903807060280344575, 0, 1329227995784915872903807060280344575, 0, 1329227995784915872903807060280344575, 0, 1329227995784915872903807060280344575, 0, 1329227995784915872903807060280344575, 0, 0, 1329227995784915872903807060280344575, 0, 1329227995784915872903807060280344575, 0, 1329227995784915872903807060280344575, 0, 1292279957749158729038070602803444555, 1329227995784915872903807060280344575, 0, 1322279957844158729038070600803345755, 0, 1329227995784915872903807060280344575, 0, 1329227995784915872903807060280344575, 0, 1329227995784915872903807060280344575, 0, 1329227995784915872903807060280344575, 0, 0, 1329227995784915872903807060280344575, 0, 1329227995784915872903807060280344575, 0, 1329227995784915872903807060280344575, 0, 1329227995784915872903807060280344575, 0, 1329227995784915872903807060280344575, 0, 1329227995784915872903807060280344575, 1329227995784915872903807060280344575, 0, 1292229997789118729038077600283445775, 0, 1329227995784915872903807060280344575, 0, 1329227995784915872903807060280344575, 0, 0, 1329227995784915872903807060280344575, 0, 1329227995784915872903807060280344575, 0, 1329227995784915872903807060280344575, 0, 1329227995784915872903807060280344575, 0, 1329227995784915872903807060280344575, 0, 1292277955849158779038070600203345755, 0, 1329227995784915872903807060280344575, 0, 1292279955749955729038077602200445555, 0, 1329227995784915872903807060280344575, 0, 1329227995784915872903807060280344575, 1329227995784915872903807060280344575, 0, 1329227995784915872903807060280344575, 0, 1329227995784915872903807060280344575, 0, 1329227995784915872903807060280344575, 0, 0, 1329227995784915872903807060280344575, 0, 1222229955844155729003000602280345755, 1329227995784915872903807060280344575, 0, 1329227995784915872903807060280344575, 0, 1329227995784915872903807060280344575, 0, 1292227955849118772038870600880444755, 0, 1329227995784915872903807060280344575, 0, 1329227995784915872903807060280344575, 0, 1329227995784915872903807060280344575, 0, 1329227995784915872903807060280344575, 0, 0, 1329227995784915872903807060280344575, 0, 1329227995784915872903807060280344575, 0, 1329227995784915872903807060280344575, 0, 1329227995784915872903807060280344575, 1329227995784915872903807060280344575, 0, 1292277955844918729938070062800345775, 0, 0, 1329227995784915872903807060280344575, 0, 1329227995784915872903807060280344575, 0, 1329227995784915872903807060280344575, 0, 1329227995784915872903807060280344575, 0, 1329227995784915872903807060280344575, 0, 1329227995784915872903807060280344575, 1329227995784915872903807060280344575, 0, 1329227995784915872903807060280344575, 0, 0, 1329227995784915872903807060280344575, 0, 1222279997849158822008070002800445755, 1329227995784915872903807060280344575, 0, 1329227995784915872903807060280344575, 0, 1329227995784915872903807060280344575, 0, 1329227995784915872903807060280344575, 0, 1329227995784915872903807060280344575, 0, 1329227995784915872903807060280344575, 0, 1329227995784915872903807060280344575, 0, 1329227995784915872903807060280344575, 0, 0, 1329227995784915872903807060280344575, 0, 1292279955844958722038870600800445755, 1329227995784915872903807060280344575, 0, 1329227995784915872903807060280344575, 0, 1329227995784915872903807060280344575, 0, 1222279957884158729938800602203345755, 0, 0, 1329227995784915872903807060280344575, 0, 1329227995784915872903807060280344575, 1329227995784915872903807060280344575, 0, 1329227995784915872903807060280344575, 0, 0, 1329227995784915872903807060280344575, 0, 1322277955849158729908870662803345775, 0, 1329227995784915872903807060280344575, 0, 1292279957849118722038077602883445555, 0, 1329227995784915872903807060280344575, 0, 1329227995784915872903807060280344575, 0, 1329227995784915872903807060280344575, 0, 1329227995784915872903807060280344575, 1329227995784915872903807060280344575, 0, 1299277957844915729003070062283445555, 0, 0, 1329227995784915872903807060280344575, 0, 1292279955849158829908870600203344555, 0, 1329227995784915872903807060280344575, 0, 1292279955849158729938077602803444555, 1329227995784915872903807060280344575, 0, 1329227995784915872903807060280344575, 0, 0, 1329227995784915872903807060280344575, 0, 1329227995784915872903807060280344575, 1329227995784915872903807060280344575, 0, 1329227995784915872903807060280344575, 0, 0, 1329227995784915872903807060280344575, 0, 1292279955849958829033070062283445755, 1329227995784915872903807060280344575, 0, 1329227995784915872903807060280344575, 0, 0, 1329227995784915872903807060280344575, 0, 1292279955849158729938870000203445555, 0, 1329227995784915872903807060280344575, 0, 1329227995784915872903807060280344575, 1329227995784915872903807060280344575, 0, 1329227995784915872903807060280344575, 0, 1329227995784915872903807060280344575, 0, 1329227995784915872903807060280344575, 0, 1329227995784915872903807060280344575, 0, 1329227995784915872903807060280344575, 0, 1329227995784915872903807060280344575, 0, 1329227995784915872903807060280344575, 0, 1329227995784915872903807060280344575, 0, 1292279955844158729933877602880445755, 0, 0, 1329227995784915872903807060280344575, 0, 1329227995784915872903807060280344575, 0, 1329227995784915872903807060280344575, 0, 1292279957889158872008077602803345555, 1329227995784915872903807060280344575, 0, 1329227995784915872903807060280344575, 0, 0, 1329227995784915872903807060280344575, 0, 1329227995784915872903807060280344575, 1329227995784915872903807060280344575, 0, 1329227995784915872903807060280344575, 0, 1329227995784915872903807060280344575, 0, 1329227995784915872903807060280344575, 0, 0, 1329227995784915872903807060280344575, 0, 1329227995784915872903807060280344575, 0, 1329227995784915872903807060280344575, 0, 1329227995784915872903807060280344575, 1329227995784915872903807060280344575, 0, 1329227995784915872903807060280344575, 0, 1329227995784915872903807060280344575, 0, 1222277957849155779008070662803445755, 0, 0, 1329227995784915872903807060280344575, 0, 1329227995784915872903807060280344575, 500477294447096435466171658379722752, 871053363205557025859378026815422464, 504777994440994455466176683797222552, 810553632055570258593778028854224644, 1329227995784915872903807060280344575, 0, 1329227995784915872903807060280344575, 0, 1329227995784915872903807060280344575, 0, 1329227995784915872903807060280344575, 0, 0, 1329227995784915872903807060280344575, 0, 1292227957889958729933870600883345775, 1329227995784915872903807060280344575, 0, 1329227995784915872903807060280344575, 0, 0, 1329227995784915872903807060280344575, 0, 1329227995784915872903807060280344575, 1329227995784915872903807060280344575, 0, 1292279957849118822038870600803445755, 0, 1329227995784915872903807060280344575, 0, 1329227995784915872903807060280344575, 0, 1329227995784915872903807060280344575, 0, 1329227995784915872903807060280344575, 0, 1329227995784915872903807060280344575, 0, 1329227995784915872903807060280344575, 0, 1329227995784915872903807060280344575, 0, 1222279955744118779003070600800444775, 0, 0, 1329227995784915872903807060280344575, 0, 1329227995784915872903807060280344575, 0, 1329227995784915872903807060280344575, 0, 1329227995784915872903807060280344575, 1329227995784915872903807060280344575, 0, 1329227995784915872903807060280344575, 0, 1329227995784915872903807060280344575, 0, 1292279955884118729038070602800444755, 0, 1329227995784915872903807060280344575, 0, 1329227995784915872903807060280344575, 0, 0, 1329227995784915872903807060280344575, 0, 1329227995784915872903807060280344575, 1329227995784915872903807060280344575, 0, 1329227995784915872903807060280344575, 0, 1329227995784915872903807060280344575, 0, 1292229955889158779908070602883444755, 0, 1329227995784915872903807060280344575, 0, 1329227995784915872903807060280344575, 0, 0, 1329227995784915872903807060280344575, 0, 1329227995784915872903807060280344575, 1329227995784915872903807060280344575, 0, 1329227995784915872903807060280344575, 0, 0, 1329227995784915872903807060280344575, 0, 1292229997744115772003077602803445555, 0, 1329227995784915872903807060280344575, 0, 1329227995784915872903807060280344575, 0, 1329227995784915872903807060280344575, 0, 1299229995849158872033870002803444755, 0, 1329227995784915872903807060280344575, 0, 1329227995784915872903807060280344575, 0, 1329227995784915872903807060280344575, 0, 1329227995784915872903807060280344575]
Minimum support: 0.5
Number of cores: 14
Number of patterns: 2
Number of invalid patterns: 399

0. nr
1. i1_legid
2. i1_rcs_p
3. i1_rcs_e
4. i1_dep_1_p
5. i1_dep_1_e
6. i1_dep_1_place
7. i1_rcf_1_p
8. i1_rcf_1_e
9. i1_rcf_1_place
10. i1_dep_2_p
11. i1_dep_2_e
12. i1_dep_2_place
13. i1_rcf_2_p
14. i1_rcf_2_e
15. i1_rcf_2_place
16. i1_dep_3_p
17. i1_dep_3_e
18. i1_dep_3_place
19. i1_rcf_3_p
20. i1_rcf_3_e
21. i1_rcf_3_place
22. i1_dlv_p
23. i1_dlv_e
24. i1_hops
25. i2_legid
26. i2_rcs_p
27. i2_rcs_e
28. i2_dep_1_p
29. i2_dep_1_e
30. i2_dep_1_place
31. i2_rcf_1_p
32. i2_rcf_1_e
33. i2_rcf_1_place
34. i2_dep_2_p
35. i2_dep_2_e
36. i2_dep_2_place
37. i2_rcf_2_p
38. i2_rcf_2_e
39. i2_rcf_2_place
40. i2_dep_3_p
41. i2_dep_3_e
42. i2_dep_3_place
43. i2_rcf_3_p
44. i2_rcf_3_e
45. i2_rcf_3_place
46. i2_dlv_p
47. i2_dlv_e
48. i2_hops
49. i3_legid
50. i3_rcs_p
51. i3_rcs_e
52. i3_dep_1_p
53. i3_dep_1_e
54. i3_dep_1_place
55. i3_rcf_1_p
56. i3_rcf_1_e
57. i3_rcf_1_place
58. i3_dep_2_p
59. i3_dep_2_e
60. i3_dep_2_place
61. i3_rcf_2_p
62. i3_rcf_2_e
63. i3_rcf_2_place
64. i3_dep_3_p
65. i3_dep_3_e
66. i3_dep_3_place
67. i3_rcf_3_p
68. i3_rcf_3_e
69. i3_rcf_3_place
70. i3_dlv_p
71. i3_dlv_e
72. i3_hops
73. o_legid
74. o_rcs_p
75. o_rcs_e
76. o_dep_1_p
77. o_dep_1_e
78. o_dep_1_place
79. o_rcf_1_p
80. o_rcf_1_e
81. o_rcf_1_place
82. o_dep_2_p
83. o_dep_2_e
84. o_dep_2_place
85. o_rcf_2_p
86. o_rcf_2_e
87. o_rcf_2_place
88. o_dep_3_p
89. o_dep_3_e
90. o_dep_3_place
91. o_rcf_3_p
92. o_rcf_3_e
93. o_rcf_3_place
94. o_dlv_p
95. o_dlv_e
96. o_hops
97. legs

File: data/c2k.csv

Pattern : Support
['0+', '2-'] : 0.502
['0+', '8+'] : 0.502


Iteration: Best Cost
0: 1 
1: 1 
2: 1 
3: 1 
4: 1 
5: 1 
6: 1 
7: 1 
8: 1 
9: 1 
10: 1 
11: 1 
12: 1 
13: 1 
14: 0.3333333333333333 
15: 0.3333333333333333 
16: 0.3333333333333333 
17: 0.3333333333333333 
18: 0.3333333333333333 
19: 0.3333333333333333 
