Run-time: 0.30191969871520996 seconds
Total allocated memory size: 259.6 KiB
Algorithm: GA-GRAANK (v2.0)
Search Space: Numeric
No. of (dataset) attributes: 10
No. of (dataset) tuples: 116
Population size: 8
PC: 0.776
Gamma: 0.746
Mu: 0.842
Sigma: 0.681
Number of iterations: 20
Number of cost evaluations: 240
Candidates: [213135, 86847, 133355, 88477, 132304, 76042, 262143, 70022, 163830, 137670, 262143, 262143, 163863, 168301, 262143, 262143, 114286, 207408, 142886, 74088, 141244, 140905, 262143, 262143, 104718, 98658, 47788, 86658, 262143, 262143, 262143, 262143, 137998, 194166, 262143, 262143, 54641, 79804, 46441, 98004, 87734, 87400, 77344, 74000, 79918, 80827, 99188, 8227, 82831, 77914, 28331, 77144, 106042, 75100, 60422, 51100, 50001, 28247, 11, 82477, 34885, 43363, 48855, 33633, 101423, 40158, 14233, 1588, 72127, 71894, 22227, 11944, 31414, 16384, 34144, 66844, 54857, 17508, 58577, 75088, 17951, 52081, 77511, 20811, 21021, 51344, 11211, 13444, 60048, 21917, 88, 19177, 19878, 52487, 98788, 24477, 4884, 3353, 8844, 3533, 10671, 9499, 6711, 4999, 82854, 16021, 28844, 60011, 32, 66, 22, 66, 9679, 2352, 6799, 3522, 8312, 8758, 3122, 8588, 41257, 31886, 42577, 38866, 4417, 4514, 4477, 5144, 3417, 8548, 4177, 5488, 13, 19, 33, 99, 78, 75, 88, 55, 5009, 3256, 99, 3556, 2823, 2386, 8233, 3886, 2989, 2220, 9889, 2200, 2706, 2525, 7066, 5555, 17, 15, 77, 55, 11, 65, 11, 55, 24, 63, 24, 33, 11, 32, 11, 22, 59, 61, 99, 11, 22, 32, 22, 22, 39, 70, 99, 0, 51, 47, 11, 77, 47, 62, 0, 22, 79, 32, 99, 22, 23, 22, 33, 22, 54, 55, 44, 55, 67, 31, 67, 11, 21, 11, 11, 11, 11, 11, 11, 11, 83, 28, 33, 88, 52, 57, 22, 57, 18, 14, 88, 44, 14, 84, 44, 84, 15, 17, 55, 77, 16, 16, 16, 66]
Minimum support: 0.5
Number of cores: 14
Number of patterns: 2
Number of invalid patterns: 13

0. Age
1. BMI
2. Glucose
3. Insulin
4. HOMA
5. Leptin
6. Adiponectin
7. Resistin
8. MCP.1
9. Classification

File: data/breast_cancer.csv

Pattern : Support
['0+', '2+'] : 0.544
['0+', '4+'] : 0.507


Iteration: Best Cost
0: 0.0007363770250368188 
1: 0.0007363770250368188 
2: 0.0007363770250368188 
3: 0.0006949270326615705 
4: 0.0003075030750307503 
5: 0.0003075030750307503 
6: 0.00015271838729383018 
7: 0.00015271838729383018 
8: 0.00015271838729383018 
9: 0.00015271838729383018 
10: 0.00015271838729383018 
11: 0.00015271838729383018 
12: 0.00015271838729383018 
13: 0.00015271838729383018 
14: 0.00015271838729383018 
15: 0.00015271838729383018 
16: 0.00015271838729383018 
17: 0.00015271838729383018 
18: 0.00015271838729383018 
19: 0.00015271838729383018 
