Run-time: 381.3477544784546 seconds
Total allocated memory size: 283.9 KiB
Algorithm: GA-GRAANK (v1.0)
Search Space: Bitmap
No. of (dataset) attributes: 21
No. of (dataset) tuples: 8074
Population size: 8
PC: 0.776
Gamma: 0.746
Mu: 0.842
Sigma: 0.681
Number of iterations: 20
Number of cost evaluations: 240
Candidates: [2594879126.0, 1700165993.0, 2594870934.0, 1700157801.0, 1771467093.0, 2796122794.0, 1771465045.0, 2796115626.0, 2594878806.0, 2796124841.0, 2594874710.0, 2796120745.0, 1553361509.0, 2892600730.0, 1503029861.0, 2775160218.0, 2594870934.0, 2778048873.0, 2594870934.0, 2778048873.0, 1414949229.0, 2762320542.0, 1448503657.0, 2779097750.0, 2492836205.0, 2825230750.0, 2526390629.0, 2842007962.0, 2929288837.0, 2909116810.0, 2862180005.0, 2842007962.0, 2795874966.0, 2594870934.0, 2795874966.0, 2594870934.0, 2594870934.0, 2842007962.0, 2594870934.0, 2842007962.0, 2594870934.0, 2594874710.0, 2594870934.0, 2594874710.0, 1700157801.0, 2842007962.0, 1700157801.0, 2842007962.0, 2594870934.0, 2594870934.0, 2594870934.0, 2594870934.0, 2594870934.0, 2594870934.0, 2594870934.0, 2594870934.0, 2594870934.0, 2594870934.0, 2594870934.0, 2594870934.0, 2594870934.0, 2594870934.0, 2594870934.0, 2594870934.0, 2594870934.0, 2594870934.0, 2594870934.0, 2594870934.0, 2594870934.0, 2594870934.0, 2594870934.0, 2594870934.0, 2594870934.0, 2594870934.0, 2594870934.0, 2594870934.0, 2594870934.0, 2594870934.0, 2594870934.0, 2594870934.0, 2594870934.0, 2594870934.0, 2594870934.0, 2594870934.0, 2594870934.0, 2594870934.0, 2594870934.0, 2594870934.0, 2594870934.0, 2594870934.0, 2594870934.0, 2594870934.0, 2594870934.0, 2594870934.0, 2594870934.0, 2594870934.0, 2594870934.0, 2594870934.0, 2594870934.0, 2594870934.0, 2594870934.0, 2594870934.0, 2594870934.0, 2594870934.0, 2594870934.0, 2594870934.0, 2594870934.0, 2594870934.0, 2594870934.0, 2594870934.0, 2594870934.0, 2594870934.0, 2594870934.0, 2594870934.0, 2594870934.0, 2594870934.0, 2594870934.0, 2594870934.0, 2594870934.0, 2594870934.0, 2594870934.0, 2594870934.0, 2594870934.0, 2594870934.0, 2594870934.0, 2594870934.0, 2594870934.0, 2594870934.0, 2594870934.0, 2594870934.0, 2594870934.0, 2594870934.0, 2594870934.0, 2594870934.0, 2594870934.0, 2594870934.0, 2594870934.0, 2594870934.0, 2594870934.0, 2594870934.0, 2594870934.0, 2594870934.0, 2594870934.0, 2594870934.0, 2594870934.0, 2594870934.0, 2594870934.0, 2594870934.0, 2594870934.0, 2594870934.0, 2594870934.0, 2594870934.0, 2594870934.0, 2594870934.0, 2594870934.0, 2594870934.0, 2594870934.0, 2594870934.0, 2594870934.0, 2594870934.0, 2594870934.0, 2594870934.0, 2594870934.0, 2594870934.0, 2594870934.0, 2594870934.0, 2594870934.0, 2594870934.0, 2594870934.0, 2594870934.0, 2594870934.0, 2594870934.0, 2594870934.0, 2594870934.0, 2594870934.0, 2594870934.0, 2594870934.0, 2594870934.0, 2594870934.0, 2594870934.0, 2594870934.0, 2594870934.0, 2594870934.0, 2594870934.0, 2594870934.0, 2594870934.0, 2594870934.0, 2594870934.0, 2594870934.0, 2594870934.0, 2594870934.0, 2594870934.0, 2594870934.0, 2594870934.0, 2594870934.0, 2594870934.0, 2594870934.0, 2594870934.0, 2594870934.0, 2594870934.0, 2594870934.0, 2594870934.0, 2594870934.0, 2594870934.0, 2594870934.0, 2594870934.0, 2594870934.0, 2594870934.0, 2594870934.0, 2594870934.0, 2594870934.0, 2594870934.0, 2594870934.0, 2594870934.0, 2594870934.0, 2594870934.0, 2594870934.0, 2594870934.0, 2594870934.0, 2594870934.0, 2594870934.0, 2594870934.0, 2594870934.0, 2594870934.0, 2594870934.0, 2594870934.0, 2594870934.0, 2594870934.0, 2594870934.0, 2594870934.0, 2594870934.0, 2594870934.0, 2594870934.0, 2594870934.0, 2594870934.0, 2594870934.0, 2594870934.0, 2594870934.0, 2594870934.0, 2594870934.0]
Minimum support: 0.5
Number of cores: 14
Number of patterns: 1
Number of invalid patterns: 27

0. date_time
1. id_site
2. Tpic
3. Dir
4. Etal
5. Tz
6. Hm0
7. Ts1
8. Ts2
9. Tc
10. Tav
11. Tint
12. Tp
13. EPS2
14. EPS4
15. Qp
16. S2
17. Tref
18. Tw
19. Batt
20. timestamp

File: data/directio8k.csv

Pattern : Support
['2+', '3-', '5+', '7+', '8+', '10+', '14+'] : 0.515


Iteration: Best Cost
0: 1.8720632008536607e-05 
1: 1.8720632008536607e-05 
2: 1.8720632008536607e-05 
3: 1.8720632008536607e-05 
4: 1.8720632008536607e-05 
5: 1.8720632008536607e-05 
6: 1.8720632008536607e-05 
7: 1.8720632008536607e-05 
8: 1.8720632008536607e-05 
9: 1.8720632008536607e-05 
10: 1.8720632008536607e-05 
11: 1.8720632008536607e-05 
12: 1.8720632008536607e-05 
13: 1.8720632008536607e-05 
14: 1.8720632008536607e-05 
15: 1.8720632008536607e-05 
16: 1.8720632008536607e-05 
17: 1.8720632008536607e-05 
18: 1.8720632008536607e-05 
19: 1.8720632008536607e-05 
