Run-time: 741.9547781944275 seconds
Total allocated memory size: 282.0 KiB
Algorithm: GA-GRAANK (v1.0)
Search Space: Bitmap
No. of (dataset) attributes: 15
No. of (dataset) tuples: 9357
Population size: 20
PC: 0.5
Gamma: 547
Mu: 0.741
Sigma: 0.654
Number of iterations: 20
Number of cost evaluations: 400
Candidates: [9869665.0, 5858706.0, 9869673.0, 5858714.0, 5528213.0, 11048298.0, 5593749.0, 11179370.0, 5790117.0, 6596181.0, 5921189.0, 6727253.0, 5659066.0, 11119289.0, 5659050.0, 11119273.0, 11049386.0, 5790101.0, 11180458.0, 5921173.0, 8855381.0, 4927402.0, 10835285.0, 6923690.0, 10064217.0, 6709670.0, 10065241.0, 6711718.0, 10065830.0, 6711129.0, 10065574.0, 6710617.0, 6919558.0, 9857609.0, 6919590.0, 9857641.0, 5921429.0, 10851690.0, 5921429.0, 10851690.0, 10851690.0, 11179370.0, 10851690.0, 11179370.0, 5610138.0, 11183526.0, 5610138.0, 11183526.0, 9787045.0, 11179370.0, 9787045.0, 11179370.0, 10065237.0, 6707881.0, 10065237.0, 6707881.0, 5662297.0, 11180454.0, 5662297.0, 11180454.0, 5921189.0, 11183526.0, 5921189.0, 11183526.0, 5921429.0, 10851690.0, 5921429.0, 10851690.0, 9787045.0, 5921189.0, 9787045.0, 5921189.0, 9787045.0, 11179370.0, 9787045.0, 11179370.0, 5593749.0, 5921189.0, 5593749.0, 5921189.0, 5921189.0, 11183526.0, 5921189.0, 11183526.0, 11179370.0, 5921173.0, 11179370.0, 5921173.0, 11183526.0, 11179370.0, 11183526.0, 11179370.0, 5921173.0, 11183526.0, 5921173.0, 11183526.0, 10851690.0, 5921189.0, 10851690.0, 5921189.0, 5921189.0, 10851690.0, 5921189.0, 10851690.0, 11179370.0, 5921189.0, 11179370.0, 5921189.0, 11179370.0, 5921189.0, 11179370.0, 5921189.0, 10851690.0, 11179370.0, 10851690.0, 11179370.0, 11179370.0, 11180458.0, 11179370.0, 11180458.0, 5921189.0, 10835285.0, 5921189.0, 10835285.0, 5921189.0, 5921189.0, 5921189.0, 5921189.0, 5921189.0, 5921173.0, 5921189.0, 5921173.0, 5921173.0, 5921189.0, 5921173.0, 5921189.0, 5921189.0, 5921189.0, 5921189.0, 5921189.0, 5921189.0, 5921189.0, 5921189.0, 5921189.0, 5921189.0, 5921189.0, 5921189.0, 5921189.0, 5921189.0, 5921189.0, 5921189.0, 5921189.0, 5921189.0, 11180458.0, 5921189.0, 11180458.0, 5921189.0, 5921189.0, 5921189.0, 5921189.0, 11180458.0, 5921189.0, 11180458.0, 5921189.0, 5921189.0, 5921189.0, 5921189.0, 5921189.0, 5921189.0, 5610138.0, 5921189.0, 5610138.0, 5921189.0, 5921189.0, 5921189.0, 5921189.0, 5921189.0, 5921189.0, 5921189.0, 5921189.0, 5921189.0, 11180458.0, 5921189.0, 11180458.0, 5921189.0, 5921189.0, 5921189.0, 5921189.0, 11180458.0, 5921189.0, 11180458.0, 5921189.0, 11180458.0, 5921189.0, 11180458.0, 5921189.0, 5921189.0, 5610138.0, 5921189.0, 5610138.0, 5921189.0, 11180458.0, 5921189.0, 11180458.0, 11180458.0, 5921189.0, 11180458.0, 5921189.0, 11180458.0, 5610138.0, 11180458.0, 5610138.0, 5921189.0, 5921189.0, 5921189.0, 5921189.0, 5610138.0, 5921189.0, 5610138.0, 5921189.0, 5921189.0, 11180458.0, 5921189.0, 11180458.0, 11180458.0, 11180458.0, 11180458.0, 11180458.0, 5921189.0, 11180454.0, 5921189.0, 11180454.0, 5610138.0, 5610138.0, 5610138.0, 5610138.0, 5610138.0, 5610138.0, 5610138.0, 5610138.0, 11180458.0, 11180458.0, 11180458.0, 11180458.0, 11180458.0, 5610138.0, 11180458.0, 5610138.0, 11180458.0, 11180454.0, 11180458.0, 11180454.0, 11180458.0, 11180458.0, 11180458.0, 11180458.0, 11180458.0, 11180458.0, 11180458.0, 11180458.0, 11180458.0, 11180458.0, 11180458.0, 11180458.0, 11180458.0, 11180458.0, 11180458.0, 11180458.0, 11180458.0, 11180458.0, 11180458.0, 11180458.0, 11180458.0, 11180458.0, 11180458.0, 11180458.0, 11180458.0, 11180458.0, 11180458.0, 11180458.0, 11180458.0, 11180458.0, 11180458.0, 11180458.0, 11180454.0, 11180458.0, 11180454.0, 11180458.0, 11180458.0, 11180458.0, 11180458.0, 11180458.0, 11180458.0, 11180458.0, 11180458.0, 11180458.0, 11180458.0, 11180458.0, 11180458.0, 11180458.0, 11180458.0, 11180458.0, 11180458.0, 11180458.0, 11180458.0, 11180458.0, 11180458.0, 11180458.0, 11180458.0, 11180458.0, 11180458.0, 11180458.0, 11180458.0, 11180458.0, 11180458.0, 11180458.0, 11180458.0, 11180458.0, 11180458.0, 11180458.0, 11180458.0, 11180458.0, 11180458.0, 11180458.0, 11180458.0, 11180458.0, 11180458.0, 11180458.0, 11180458.0, 11180458.0, 11180458.0, 11180458.0, 11180458.0, 11180458.0, 11180458.0, 11180458.0, 11180458.0, 11180458.0, 11180458.0, 11180458.0, 11180458.0, 11180458.0, 11180458.0, 11180458.0, 11180458.0, 11180458.0, 11180458.0, 11180458.0, 11180454.0, 11180458.0, 11180454.0, 11180458.0, 11180458.0, 11180458.0, 11180458.0, 11180458.0, 11180458.0, 11180454.0, 11180458.0, 11180454.0, 11180458.0, 11180458.0, 11180458.0, 11180458.0, 11180458.0, 11180454.0, 11180458.0, 11180454.0, 11180458.0, 11180454.0, 11180458.0, 11180454.0, 11180454.0, 11180458.0, 11180454.0, 11180458.0, 11180458.0, 11180454.0, 11180458.0, 11180454.0, 11180454.0, 11180458.0, 11180454.0, 11180458.0, 11180454.0, 11180454.0, 11180454.0, 11180454.0, 11180454.0, 11180454.0, 11180454.0, 11180454.0, 11180458.0, 11180458.0, 11180458.0, 11180458.0, 11180454.0, 11180454.0, 11180454.0, 11180454.0]
Minimum support: 0.5
Number of cores: 14
Number of patterns: 2
Number of invalid patterns: 28

0. Date
1. Time
2. CO(GT)
3. PT08.S1(CO)
4. NMHC(GT)
5. C6H6(GT)
6. PT08.S2(NMHC)
7. NOx(GT)
8. PT08.S3(NOx)
9. NO2(GT)
10. PT08.S4(NO2)
11. PT08.S5(O3)
12. T
13. RH
14. AH

File: data/air_quality.csv

Pattern : Support
['2+', '3+', '5+', '7+', '9+'] : 0.505
['2+', '8-'] : 0.691


Iteration: Best Cost
0: 1.844099802681321e-05 
1: 4.698025044231906e-07 
2: 4.698025044231906e-07 
3: 4.698025044231906e-07 
4: 4.698025044231906e-07 
5: 4.698025044231906e-07 
6: 4.698025044231906e-07 
7: 4.698025044231906e-07 
8: 4.698025044231906e-07 
9: 4.698025044231906e-07 
10: 4.698025044231906e-07 
11: 4.698025044231906e-07 
12: 4.698025044231906e-07 
13: 4.698025044231906e-07 
14: 4.698025044231906e-07 
15: 4.698025044231906e-07 
16: 4.698025044231906e-07 
17: 4.698025044231906e-07 
18: 4.698025044231906e-07 
19: 4.698025044231906e-07 
