Run-time: 274.090411901474 seconds
Total allocated memory size: 280.5 KiB
Algorithm: GA-GRAANK (v2.0)
Search Space: Numeric
No. of (dataset) attributes: 15
No. of (dataset) tuples: 9357
Population size: 20
PC: 0.382
Gamma: 0.547
Mu: 0.741
Sigma: 0.654
Number of iterations: 20
Number of cost evaluations: 320
Candidates: [5475102, 7371122, 4755002, 3711122, 5453804, 6501866, 4538044, 5011666, 1134797, 716567, 1147977, 165577, 4507303, 13857043, 5073333, 16777215, 12097840, 5169619, 16777215, 1666199, 9059333, 12407272, 593333, 16777215, 10806039, 6718084, 8060039, 7180044, 9315998, 13731037, 3159988, 16777215, 6638416, 12466137, 6384166, 14461337, 6284830, 12819723, 2248330, 16777215, 4062791, 4659996, 4627911, 6599966, 3815845, 9855206, 8158455, 9552006, 9734409, 12054471, 9344009, 16777215, 6422434, 7141775, 6224344, 1417755, 16777215, 16777215, 16777215, 16777215, 14540759, 6991457, 16777215, 9991477, 16777215, 16777215, 16777215, 16777215, 12036126, 14085097, 16777215, 16777215, 8337835, 9587356, 8338355, 5873556, 10982780, 10806100, 9987700, 8861000, 16777215, 16777215, 16777215, 16777215, 16777214, 16777214, 16777215, 16777215, 16777215, 16777215, 16777215, 16777215, 16777215, 16777215, 16777215, 16777215, 16777215, 16777215, 16777215, 16777215, 16777215, 16777215, 16777215, 16777215, 13591860, 9058910, 16777215, 558100, 16777215, 16777215, 16777215, 16777215, 16777215, 16777215, 16777215, 16777215, 16777215, 16777215, 16777215, 16777215, 16777215, 16777215, 16777215, 16777215, 16777215, 16777215, 16777215, 16777215, 16777215, 16777215, 16777215, 16777215, 16777215, 16777215, 16777215, 16777215, 16777215, 16777215, 16777215, 16777215, 16777215, 16777215, 16777215, 16777215, 7922917, 12014285, 7229117, 16777215, 16777215, 16777215, 16772255, 16777215, 16777215, 16777215, 16777215, 16777215, 16777215, 16777215, 16777215, 16772215, 16777215, 16777215, 16777215, 16777215, 16777215, 16777215, 16777215, 16777215, 16777215, 16777215, 16777215, 16777215, 16682497, 5968273, 16777215, 5682733, 16777215, 16777215, 16772215, 16777215, 16777215, 16777215, 16777215, 16777215, 16777215, 16777215, 16777215, 16777215, 16777214, 16777214, 16777215, 16777215, 16777215, 16777215, 16777215, 16777215, 16777215, 16777215, 16777215, 16777215, 16777215, 16777215, 16777215, 16777215, 13130785, 6806417, 16777215, 8804177, 16777215, 16777215, 16777215, 16777215, 16777215, 16777215, 16777215, 16777215, 16777215, 16777215, 16777215, 16777215, 16777215, 16777215, 16777215, 16777215, 13104709, 9546061, 16777215, 5560011, 16777215, 16777215, 16777215, 16777215, 8076898, 14573872, 768988, 16777215, 13109166, 9541604, 16777215, 5411004, 16777215, 16777215, 16777115, 16777215, 16777215, 16777215, 16777215, 16777215, 16777215, 16777215, 16777215, 16777215, 16777215, 16777215, 16777215, 16777215, 16777215, 16777215, 16777215, 16777215, 12870268, 7066934, 16777215, 669344, 3374923, 16562279, 3749233, 16522799, 16777215, 16777215, 16777215, 16777215, 16777215, 16777215, 16777215, 16777215, 16777215, 16777215, 16777215, 16777215, 16777215, 16777215, 16777215, 16777215, 4728965, 15208237, 4228965, 16777215, 16777215, 16777215, 16777215, 16777215, 15833721, 4103481, 16777215, 1033811, 16777215, 16777215, 16777215, 16777215, 16777215, 16777215, 16777215, 16777215, 16777215, 16777215, 16777215, 16777215, 7206753, 15444017, 2007533, 16777215, 16777215, 16777215, 16777215, 16777215, 16777215, 16777215, 16777215, 16777155]
Minimum support: 0.5
Number of cores: 14
Number of patterns: 1
Number of invalid patterns: 34

0. Date
1. Time
2. CO(GT)
3. PT08.S1(CO)
4. NMHC(GT)
5. C6H6(GT)
6. PT08.S2(NMHC)
7. NOx(GT)
8. PT08.S3(NOx)
9. NO2(GT)
10. PT08.S4(NO2)
11. PT08.S5(O3)
12. T
13. RH
14. AH

File: data/air_quality.csv

Pattern : Support
['2+', '5+', '6+', '8-', '11+'] : 0.555


Iteration: Best Cost
0: 1.0586213700931841e-07 
1: 1.0586213700931841e-07 
2: 1.0586213700931841e-07 
3: 1.0586213700931841e-07 
4: 1.0586213700931841e-07 
5: 1.0586213700931841e-07 
6: 1.0586213700931841e-07 
7: 1.0586213700931841e-07 
8: 1.0586213700931841e-07 
9: 1.0586213700931841e-07 
10: 1.0586213700931841e-07 
11: 1.0586213700931841e-07 
12: 1.0586213700931841e-07 
13: 1.0586213700931841e-07 
14: 1.0586213700931841e-07 
15: 1.0586213700931841e-07 
16: 1.0586213700931841e-07 
17: 1.0586213700931841e-07 
18: 1.0586213700931841e-07 
19: 1.0586213700931841e-07 
