Run-time: 0.2832624912261963 seconds
Total allocated memory size: 258.9 KiB
Algorithm: GA-GRAANK (v1.0)
Search Space: Bitmap
No. of (dataset) attributes: 10
No. of (dataset) tuples: 116
Population size: 8
PC: 0.5
Gamma: 746
Mu: 0.842
Sigma: 0.681
Number of iterations: 20
Number of cost evaluations: 160
Candidates: [170389.0, 91734.0, 170389.0, 91734.0, 185962.0, 125333.0, 153194.0, 92565.0, 91738.0, 170389.0, 91738.0, 170389.0, 157270.0, 107925.0, 157270.0, 107925.0, 158057.0, 103830.0, 158057.0, 103830.0, 107882.0, 158101.0, 107882.0, 158101.0, 103830.0, 170389.0, 103830.0, 170389.0, 107882.0, 170389.0, 107882.0, 170389.0, 107882.0, 107882.0, 107882.0, 107882.0, 170389.0, 103830.0, 170389.0, 103830.0, 107882.0, 107882.0, 107882.0, 107882.0, 107882.0, 107925.0, 107882.0, 107925.0, 107882.0, 107882.0, 107882.0, 107882.0, 107882.0, 107882.0, 107882.0, 107882.0, 107882.0, 107882.0, 107882.0, 107882.0, 103830.0, 107882.0, 103830.0, 107882.0, 107882.0, 103830.0, 107882.0, 103830.0, 107882.0, 107882.0, 107882.0, 107882.0, 103830.0, 103830.0, 103830.0, 103830.0, 107882.0, 103830.0, 107882.0, 103830.0, 103830.0, 103830.0, 103830.0, 103830.0, 103830.0, 103830.0, 103830.0, 103830.0, 103830.0, 103830.0, 103830.0, 103830.0, 103830.0, 103830.0, 103830.0, 103830.0, 103830.0, 103830.0, 103830.0, 103830.0, 103830.0, 103830.0, 103830.0, 103830.0, 103830.0, 103830.0, 103830.0, 103830.0, 103830.0, 103830.0, 103830.0, 103830.0, 103830.0, 103830.0, 103830.0, 103830.0, 103830.0, 103830.0, 103830.0, 103830.0, 103830.0, 103830.0, 103830.0, 103830.0, 103830.0, 103830.0, 103830.0, 103830.0, 103830.0, 103830.0, 103830.0, 103830.0, 103830.0, 103830.0, 103830.0, 103830.0, 103830.0, 103830.0, 103830.0, 103830.0, 103830.0, 103830.0, 103830.0, 103830.0, 103830.0, 103830.0, 103830.0, 103830.0, 103830.0, 103830.0, 103830.0, 103830.0, 103830.0, 103830.0, 103830.0, 103830.0, 103830.0, 103830.0, 103830.0, 103830.0]
Minimum support: 0.5
Number of cores: 14
Number of patterns: 1
Number of invalid patterns: 8

0. Age
1. BMI
2. Glucose
3. Insulin
4. HOMA
5. Leptin
6. Adiponectin
7. Resistin
8. MCP.1
9. Classification

File: data/breast_cancer.csv

Pattern : Support
['2+', '7+'] : 0.52


Iteration: Best Cost
0: 0.003937007874015748 
1: 0.003937007874015748 
2: 0.003937007874015748 
3: 0.003937007874015748 
4: 0.003937007874015748 
5: 0.003937007874015748 
6: 0.003937007874015748 
7: 0.003937007874015748 
8: 0.003937007874015748 
9: 0.003937007874015748 
10: 0.003937007874015748 
11: 0.003937007874015748 
12: 0.003937007874015748 
13: 0.003937007874015748 
14: 0.003937007874015748 
15: 0.003937007874015748 
16: 0.003937007874015748 
17: 0.003937007874015748 
18: 0.003937007874015748 
19: 0.003937007874015748 
