Run-time: 0.31864428520202637 seconds
Total allocated memory size: 259.0 KiB
Algorithm: GA-GRAANK (v1.0)
Search Space: Bitmap
No. of (dataset) attributes: 10
No. of (dataset) tuples: 116
Population size: 8
PC: 0.5
Gamma: 746
Mu: 0.842
Sigma: 0.681
Number of iterations: 20
Number of cost evaluations: 160
Candidates: [92502.0, 173733.0, 92502.0, 173733.0, 239209.0, 219542.0, 173673.0, 88470.0, 174437.0, 88470.0, 174437.0, 88470.0, 173673.0, 92502.0, 173673.0, 92502.0, 103766.0, 173673.0, 103766.0, 173673.0, 104101.0, 173398.0, 104101.0, 173398.0, 173673.0, 173398.0, 173673.0, 173398.0, 173673.0, 173398.0, 173673.0, 173398.0, 173398.0, 88470.0, 173398.0, 88470.0, 88470.0, 88470.0, 88470.0, 88470.0, 173733.0, 103766.0, 173733.0, 103766.0, 173673.0, 103766.0, 173673.0, 103766.0, 173398.0, 103766.0, 173398.0, 103766.0, 173398.0, 103766.0, 173398.0, 103766.0, 103766.0, 103766.0, 103766.0, 103766.0, 103766.0, 103766.0, 103766.0, 103766.0, 103766.0, 103766.0, 103766.0, 103766.0, 103766.0, 103766.0, 103766.0, 103766.0, 103766.0, 103766.0, 103766.0, 103766.0, 103766.0, 103766.0, 103766.0, 103766.0, 103766.0, 103766.0, 103766.0, 103766.0, 103766.0, 103766.0, 103766.0, 103766.0, 103766.0, 103766.0, 103766.0, 103766.0, 103766.0, 103766.0, 103766.0, 103766.0, 103766.0, 103766.0, 103766.0, 103766.0, 103766.0, 103766.0, 103766.0, 103766.0, 103766.0, 103766.0, 103766.0, 103766.0, 103766.0, 103766.0, 103766.0, 103766.0, 103766.0, 103766.0, 103766.0, 103766.0, 103766.0, 103766.0, 103766.0, 103766.0, 103766.0, 103766.0, 103766.0, 103766.0, 103766.0, 103766.0, 103766.0, 103766.0, 103766.0, 103766.0, 103766.0, 103766.0, 103766.0, 103766.0, 103766.0, 103766.0, 103766.0, 103766.0, 103766.0, 103766.0, 103766.0, 103766.0, 103766.0, 103766.0, 103766.0, 103766.0, 103766.0, 103766.0, 103766.0, 103766.0, 103766.0, 103766.0, 103766.0, 103766.0, 103766.0, 103766.0, 103766.0, 103766.0, 103766.0, 103766.0]
Minimum support: 0.5
Number of cores: 14
Number of patterns: 1
Number of invalid patterns: 8

0. Age
1. BMI
2. Glucose
3. Insulin
4. HOMA
5. Leptin
6. Adiponectin
7. Resistin
8. MCP.1
9. Classification

File: data/breast_cancer.csv

Pattern : Support
['1+', '6-'] : 0.581


Iteration: Best Cost
0: 0.010752688172043012 
1: 0.010752688172043012 
2: 0.010752688172043012 
3: 0.010752688172043012 
4: 0.010752688172043012 
5: 0.010752688172043012 
6: 0.010752688172043012 
7: 0.010752688172043012 
8: 0.010752688172043012 
9: 0.010752688172043012 
10: 0.010752688172043012 
11: 0.010752688172043012 
12: 0.010752688172043012 
13: 0.010752688172043012 
14: 0.010752688172043012 
15: 0.010752688172043012 
16: 0.010752688172043012 
17: 0.010752688172043012 
18: 0.010752688172043012 
19: 0.010752688172043012 
