Run-time: 642.9196631908417 seconds
Total allocated memory size: 280.0 KiB
Algorithm: GA-GRAANK (v1.0)
Search Space: Bitmap
No. of (dataset) attributes: 15
No. of (dataset) tuples: 9357
Population size: 20
PC: 0.5
Gamma: 547
Mu: 0.741
Sigma: 0.654
Number of iterations: 20
Number of cost evaluations: 400
Candidates: [6657325.0, 10119726.0, 6657449.0, 10119786.0, 1741398.0, 2462121.0, 10131030.0, 6658473.0, 11167406.0, 5609837.0, 11167402.0, 5609833.0, 9615783.0, 6388315.0, 9869733.0, 6646361.0, 6657325.0, 10119726.0, 6657449.0, 10119846.0, 6904409.0, 9873770.0, 6904409.0, 9873770.0, 6657385.0, 10136214.0, 6657385.0, 10136214.0, 6601449.0, 11040230.0, 6728297.0, 11101542.0, 11016530.0, 5515681.0, 11180374.0, 5679529.0, 10180953.0, 9939306.0, 10049881.0, 9808234.0, 9808218.0, 10119786.0, 9808218.0, 10119786.0, 10902105.0, 6923946.0, 10902105.0, 6923946.0, 10115749.0, 9808218.0, 10115749.0, 9808218.0, 10132062.0, 6657453.0, 10132058.0, 6657445.0, 10201429.0, 9935466.0, 10135893.0, 9869930.0, 10119786.0, 9808218.0, 10119786.0, 9808218.0, 9868949.0, 6969706.0, 9868949.0, 6969706.0, 9857642.0, 10066261.0, 9857642.0, 10066261.0, 10147669.0, 6678442.0, 10131029.0, 6645418.0, 6657445.0, 10115749.0, 6657445.0, 10115749.0, 10119786.0, 9808234.0, 10119786.0, 9808234.0, 10132058.0, 9808218.0, 10132058.0, 9808218.0, 9808234.0, 9808218.0, 9808234.0, 9808218.0, 10119786.0, 6645418.0, 10119786.0, 6645418.0, 9808234.0, 6645418.0, 9808234.0, 6645418.0, 9808218.0, 6646361.0, 9808218.0, 6646361.0, 6645418.0, 6645418.0, 6645418.0, 6645418.0, 9808234.0, 10135893.0, 9808234.0, 10135893.0, 9808234.0, 10132058.0, 9808234.0, 10132058.0, 10115749.0, 9808218.0, 10115749.0, 9808218.0, 9808218.0, 9808234.0, 9808218.0, 9808234.0, 9808218.0, 9808218.0, 9808218.0, 9808218.0, 11167402.0, 9808218.0, 11167402.0, 9808218.0, 9808218.0, 10135893.0, 9808218.0, 10135893.0, 6645418.0, 9808234.0, 6645418.0, 9808234.0, 9808218.0, 10135893.0, 9808218.0, 10135893.0, 9808218.0, 9808218.0, 9808218.0, 9808218.0, 9808218.0, 10135893.0, 9808218.0, 10135893.0, 9808218.0, 9808218.0, 9808218.0, 9808218.0, 10135893.0, 9808218.0, 10135893.0, 9808218.0, 9808218.0, 9808218.0, 9808218.0, 9808218.0, 11167402.0, 9808218.0, 11167402.0, 9808218.0, 9808218.0, 11167402.0, 9808218.0, 11167402.0, 9808218.0, 11167402.0, 9808218.0, 11167402.0, 9808218.0, 9808218.0, 9808218.0, 9808218.0, 9808218.0, 9808218.0, 9808218.0, 9808218.0, 9808218.0, 9808218.0, 9808218.0, 9808218.0, 9808218.0, 11167402.0, 9808218.0, 11167402.0, 11167402.0, 11167402.0, 11167402.0, 11167402.0, 9808218.0, 9808218.0, 9808218.0, 9808218.0, 9808218.0, 11167402.0, 9808218.0, 11167402.0, 11167402.0, 9808218.0, 11167402.0, 9808218.0, 11167402.0, 11167402.0, 11167402.0, 11167402.0, 11167402.0, 11167402.0, 11167402.0, 11167402.0, 11167402.0, 9808218.0, 11167402.0, 9808218.0, 11167402.0, 11167402.0, 11167402.0, 11167402.0, 11167402.0, 9808218.0, 11167402.0, 9808218.0, 9808218.0, 11167402.0, 9808218.0, 11167402.0, 11167402.0, 11167402.0, 11167402.0, 11167402.0, 11167402.0, 9808218.0, 11167402.0, 9808218.0, 11167402.0, 11167402.0, 11167402.0, 11167402.0, 11167402.0, 11167402.0, 11167402.0, 11167402.0, 11167402.0, 11167402.0, 11167402.0, 11167402.0, 11167402.0, 11167402.0, 11167402.0, 11167402.0, 11167402.0, 11167402.0, 11167402.0, 11167402.0, 11167402.0, 11167402.0, 11167402.0, 11167402.0, 11167402.0, 11167402.0, 11167402.0, 11167402.0, 11167402.0, 11167402.0, 11167402.0, 11167402.0, 11167402.0, 11167402.0, 11167402.0, 11167402.0, 11167402.0, 11167402.0, 11167402.0, 11167402.0, 11167402.0, 11167402.0, 11167402.0, 11167402.0, 11167402.0, 11167402.0, 11167402.0, 11167402.0, 11167402.0, 11167402.0, 11167402.0, 11167402.0, 11167402.0, 11167402.0, 11167402.0, 11167402.0, 11167402.0, 11167402.0, 11167402.0, 11167402.0, 11167402.0, 11167402.0, 11167402.0, 11167402.0, 11167402.0, 11167402.0, 11167402.0, 11167402.0, 11167402.0, 11167402.0, 11167402.0, 11167402.0, 11167402.0, 11167402.0, 11167402.0, 11167402.0, 11167402.0, 11167402.0, 11167402.0, 11167402.0, 11167402.0, 11167402.0, 11167402.0, 11167402.0, 11167402.0, 11167402.0, 11167402.0, 11167402.0, 11167402.0, 11167402.0, 11167402.0, 11167402.0, 11167402.0, 11167402.0, 11167402.0, 11167402.0, 11167402.0, 11167402.0, 11167402.0, 11167402.0, 11167402.0, 11167402.0, 11167402.0, 11167402.0, 11167402.0, 11167402.0, 11167402.0, 11167402.0, 11167402.0, 11167402.0, 11167402.0, 11167402.0, 11167402.0, 11167402.0, 11167402.0, 11167402.0, 11167402.0, 11167402.0, 11167402.0, 11167402.0, 11167402.0, 11167402.0, 11167402.0, 11167402.0, 11167402.0, 11167402.0, 11167402.0, 11167402.0, 11167402.0, 11167402.0, 11167402.0, 11167402.0, 11167402.0, 11167402.0, 11167402.0, 11167402.0, 11167402.0, 11167402.0, 11167402.0, 11167402.0, 11167402.0, 11167402.0, 11167402.0, 11167402.0, 11167402.0, 11167402.0, 11167402.0, 11167402.0, 11167402.0, 11167402.0, 11167402.0, 11167402.0, 11167402.0, 11167402.0, 11167402.0, 11167402.0, 11167402.0, 11167402.0, 11167402.0, 11167402.0]
Minimum support: 0.5
Number of cores: 14
Number of patterns: 1
Number of invalid patterns: 33

0. Date
1. Time
2. CO(GT)
3. PT08.S1(CO)
4. NMHC(GT)
5. C6H6(GT)
6. PT08.S2(NMHC)
7. NOx(GT)
8. PT08.S3(NOx)
9. NO2(GT)
10. PT08.S4(NO2)
11. PT08.S5(O3)
12. T
13. RH
14. AH

File: data/air_quality.csv

Pattern : Support
['8-', '9+'] : 0.667


Iteration: Best Cost
0: 6.737277829841964e-07 
1: 6.737277829841964e-07 
2: 6.737277829841964e-07 
3: 6.737277829841964e-07 
4: 6.737277829841964e-07 
5: 6.737277829841964e-07 
6: 6.737277829841964e-07 
7: 6.737277829841964e-07 
8: 6.737277829841964e-07 
9: 6.737277829841964e-07 
10: 6.737277829841964e-07 
11: 6.737277829841964e-07 
12: 6.737277829841964e-07 
13: 6.737277829841964e-07 
14: 6.737277829841964e-07 
15: 6.737277829841964e-07 
16: 6.737277829841964e-07 
17: 6.737277829841964e-07 
18: 6.737277829841964e-07 
19: 6.737277829841964e-07 
