Run-time: 3.549799680709839 seconds
Total allocated memory size: 273.9 KiB
Algorithm: GA-GRAANK (v2.0)
Search Space: Numeric
No. of (dataset) attributes: 11
No. of (dataset) tuples: 1999
Population size: 8
PC: 0.776
Gamma: 0.746
Mu: 0.842
Sigma: 0.681
Number of iterations: 20
Number of cost evaluations: 240
Candidates: [40655, 14431, 6555, 44431, 20835, 43972, 8355, 39772, 18129, 16033, 65535, 60033, 6846, 8005, 8466, 55, 6553, 6498, 6533, 4988, 57656, 16233, 56666, 62333, 40265, 10720, 2655, 7220, 3824, 2763, 8824, 2633, 17115, 49472, 65535, 65535, 8271, 7085, 8711, 885, 13229, 31256, 32299, 32556, 8232, 5110, 8322, 1100, 7492, 7395, 4922, 3955, 4283, 4482, 4883, 4822, 8533, 8532, 5333, 5322, 8370, 8662, 3700, 6622, 6536, 6551, 5366, 5551, 1083, 71, 1833, 11, 56072, 10582, 65535, 5822, 29707, 38680, 65535, 65535, 48418, 19936, 65535, 19336, 5851, 1781, 8551, 1881, 12284, 56070, 22844, 60700, 6158, 2174, 1588, 1174, 5523, 2886, 5233, 8866, 7578, 7365, 7788, 3655, 8126, 6761, 1266, 7611, 432, 6244, 322, 6444, 1455, 6877, 4555, 8777, 2469, 5863, 4699, 8833, 4248, 2384, 2248, 3844, 2518, 5814, 5188, 8144, 49, 16, 49, 16, 6073, 5736, 733, 7366, 44841, 17072, 48441, 65535, 1379, 517, 3799, 177, 4069, 3366, 699, 3666, 3844, 6547, 8844, 5477, 6794, 3597, 7944, 3577, 3473, 1725, 4733, 7255, 7560, 7905, 5660, 9055, 605, 104, 55, 44, 4180, 1051, 1800, 551, 275, 1983, 755, 9883, 720, 5917, 200, 9177, 1553, 1449, 5533, 4499, 29, 30, 29, 0, 1283, 1008, 2833, 88, 1136, 1122, 1366, 1222, 6169, 2874, 1199, 8744, 5069, 6022, 99, 22, 102, 113, 22, 133, 56, 75, 66, 55, 962, 1485, 0, 4455, 3384, 5381, 3344, 3811, 66, 65, 66, 55, 86, 135, 66, 355, 1183, 1080, 1833, 1800, 34, 187, 0, 877, 3442, 5389, 4442, 3899]
Minimum support: 0.5
Number of cores: 14
Number of patterns: 2
Number of invalid patterns: 4

0. date_time
1. id_site
2. Rx
3. Hmax
4. Thmax
5. H1/3
6. Th1/3
7. Hmoy
8. Tmoy
9. Cambrure
10. Nb_Vagues

File: data/Omnidir_site2k.csv

Pattern : Support
['3+', '4+', '5+', '7+'] : 0.526
['3+', '5+', '7+', '9+'] : 0.712


Iteration: Best Cost
0: 1.124859392575928e-06 
1: 7.033694208737536e-07 
2: 7.033694208737536e-07 
3: 7.033694208737536e-07 
4: 7.033694208737536e-07 
5: 7.033694208737536e-07 
6: 7.033694208737536e-07 
7: 7.033694208737536e-07 
8: 7.033694208737536e-07 
9: 7.033694208737536e-07 
10: 5.040383553026851e-07 
11: 5.040383553026851e-07 
12: 5.040383553026851e-07 
13: 5.040383553026851e-07 
14: 5.040383553026851e-07 
15: 5.040383553026851e-07 
16: 5.040383553026851e-07 
17: 5.040383553026851e-07 
18: 5.040383553026851e-07 
19: 5.040383553026851e-07 
