Run-time: 2.2267425060272217 seconds
Total allocated memory size: 284.7 KiB
Algorithm: GA-GRAANK (v1.0)
Search Space: Bitmap
No. of (dataset) attributes: 21
No. of (dataset) tuples: 522
Population size: 12
PC: 0.913
Gamma: 0.529
Mu: 0.856
Sigma: 0.209
Number of iterations: 20
Number of cost evaluations: 400
Candidates: [1076588271085.0, 1053782616798.0, 664271410597.0, 710185233050.0, 727386332837.0, 383986789782.0, 727352776357.0, 383953234326.0, 748778334677.0, 405243583209.0, 731598465365.0, 388063713961.0, 1071181813165.0, 1076617631150.0, 383970268585.0, 664283993510.0, 453021178021.0, 663390360725.0, 452756937125.0, 662857684629.0, 112905053606.0, 91445876325.0, 663197738406.0, 366860654181.0, 1075195778517.0, 1059425195497.0, 662878918037.0, 647108334953.0, 663390360725.0, 453021178021.0, 663126119829.0, 452761131429.0, 387967177369.0, 664254648661.0, 387983955609.0, 664288204117.0, 113995520341.0, 160082519397.0, 664288205141.0, 710375204197.0, 439515240810.0, 387992345241.0, 439523629418.0, 388000733849.0, 389125068263.0, 664288205271.0, 389125068133.0, 664288205205.0, 436384456998.0, 384828068134.0, 436386555302.0, 384830167462.0, 727584492457.0, 366608992101.0, 727550941609.0, 366575441253.0, 664288205206.0, 389125068198.0, 664288205206.0, 389125068198.0, 112921761125.0, 91430151525.0, 662946010469.0, 641722836325.0, 383953233342.0, 642528221886.0, 383953233306.0, 642528221846.0, 715836200426.0, 388076296937.0, 715811034538.0, 388046936745.0, 370885111126.0, 727354875557.0, 370883011926.0, 727353824933.0, 298897008106.0, 319298099689.0, 367582930346.0, 388000799145.0, 405449315673.0, 676887960214.0, 371089577305.0, 642528221846.0, 473946282986.0, 405243583466.0, 456766413162.0, 370883844778.0, 698928961003.0, 350972372455.0, 715555181994.0, 367867028901.0, 938285061529.0, 939409397157.0, 662874445209.0, 664271426981.0, 419205637477.0, 698643748266.0, 436385506661.0, 715823617450.0, 383953300118.0, 371945215333.0, 383953300118.0, 371945215333.0, 727914813093.0, 389687104869.0, 727369553573.0, 389410280805.0, 372209440106.0, 388001081685.0, 372209440106.0, 388001081685.0, 388034617766.0, 663109341589.0, 388068173222.0, 663126120853.0, 1058077779422.0, 1076319835629.0, 370883011994.0, 732722451817.0, 452501084581.0, 456795773609.0, 452471724453.0, 456787385001.0, 41196873114.0, 23278999141.0, 453481227674.0, 435581179493.0, 110148325754.0, 113173471670.0, 659904173402.0, 662929302950.0, 297956628326.0, 594574470057.0, 366575441254.0, 663126174121.0, 698928961003.0, 350972437975.0, 732986709354.0, 367581881749.0, 920605271382.0, 937722993305.0, 370883011926.0, 662878640793.0, 179135210873.0, 93323631286.0, 453477295465.0, 642543622806.0, 676887927486.0, 405242717566.0, 642528221866.0, 388062864726.0, 728360445393.0, 371089577425.0, 728360445337.0, 371089577305.0, 370552706389.0, 709855110501.0, 370821141845.0, 710391981413.0, 405242750934.0, 473883368426.0, 370883012182.0, 456703498858.0, 711247403670.0, 371084305750.0, 711247420054.0, 371084322134.0, 664254648661.0, 387967177369.0, 664271426901.0, 388000733849.0, 93274334630.0, 178164242853.0, 367867028902.0, 452756937125.0, 456795773353.0, 452501084837.0, 456766413225.0, 452488501925.0, 590955046361.0, 302118230506.0, 659657745817.0, 370804152682.0, 1071165169321.0, 1075195915669.0, 658848175785.0, 388001080725.0, 383986788244.0, 439557184360.0, 383953233558.0, 439523629673.0, 388302972245.0, 711225317978.0, 388336559445.0, 711258905178.0, 405243583465.0, 745602964458.0, 370883844457.0, 711243225770.0, 715819424426.0, 663121925461.0, 715827813034.0, 663126119765.0, 418131634598.0, 629907494249.0, 452491372966.0, 664267232617.0, 658848307637.0, 388319897014.0, 658848242069.0, 388319831462.0, 937785907866.0, 937718814101.0, 388063648410.0, 662874461589.0, 177596962469.0, 114532391253.0, 452474869413.0, 664288205141.0, 664288205141.0, 715827813034.0, 664288205141.0, 715827813034.0, 1071148126142.0, 1070963838910.0, 658831201958.0, 727366331034.0, 711246636645.0, 457051642278.0, 711246636645.0, 457051642278.0, 436385506661.0, 663126120854.0, 436385506661.0, 663126120854.0, 456787650981.0, 439540688213.0, 456787650981.0, 439540688213.0, 1059152565742.0, 1076315641326.0, 646835705254.0, 663998780838.0, 1002445626025.0, 938004026773.0, 727567719081.0, 388248212885.0, 1071181555102.0, 1076353389933.0, 727550616982.0, 389141845353.0, 1070879698326.0, 1058284478057.0, 452404340118.0, 439809054313.0, 663126119765.0, 663197685077.0, 663126119765.0, 663197685077.0, 436385505897.0, 663126118806.0, 436385506921.0, 663126119830.0, 452508425637.0, 658864696986.0, 452491647397.0, 658847918746.0, 663126119765.0, 727618065829.0, 663126119765.0, 727618065829.0, 728393999737.0, 383986787766.0, 728360445273.0, 383970010534.0, 456787386789.0, 388000731541.0, 456787387813.0, 388000732565.0, 658831136149.0, 663126119765.0, 658831136149.0, 663126119765.0, 727567719081.0, 663126119765.0, 727567719081.0, 663126119765.0, 664288205141.0, 663126119765.0, 664288205141.0, 663126119765.0, 715827878569.0, 383953233302.0, 715827878569.0, 383953233302.0, 663126119765.0, 659909076309.0, 663126119765.0, 659909076309.0, 663126119765.0, 715827813034.0, 663126119765.0, 715827813034.0, 715827813034.0, 663126119765.0, 715827813034.0, 663126119765.0, 715827813034.0, 663126119765.0, 715827813034.0, 663126119765.0, 715827813034.0, 663126119765.0, 715827813034.0, 663126119765.0, 659909076309.0, 663126119765.0, 659909076309.0, 663126119765.0, 663126119765.0, 715827813034.0, 663126119765.0, 715827813034.0, 663126119765.0, 715827813034.0, 663126119765.0, 715827813034.0, 663126119765.0, 663126119765.0, 663126119765.0, 663126119765.0, 663126119765.0, 715827813034.0, 663126119765.0, 715827813034.0, 663126119765.0, 715827813034.0, 663126119765.0, 715827813034.0, 663126119765.0, 663126119765.0, 663126119765.0, 663126119765.0, 663126119765.0, 663126119765.0, 663126119765.0, 663126119765.0, 715827813034.0, 663126119765.0, 715827813034.0, 663126119765.0, 663126119765.0, 663126119765.0, 663126119765.0, 663126119765.0, 663126119765.0, 663126119765.0, 663126119765.0, 663126119765.0, 663126119765.0, 663126119765.0, 663126119765.0, 663126119765.0, 663126119765.0, 663126119765.0, 663126119765.0, 663126119765.0, 663126119765.0, 663126119765.0, 663126119765.0, 663126119765.0, 663126119765.0, 663126119765.0, 663126119765.0, 663126119765.0, 663126119765.0, 663126119765.0, 663126119765.0, 663126119765.0, 663126119765.0, 663126119765.0, 663126119765.0, 663126119765.0, 663126119765.0, 663126119765.0, 663126119765.0, 663126119765.0, 663126119765.0, 663126119765.0, 663126119765.0, 663126119765.0, 715827813034.0, 663126119765.0, 715827813034.0, 663126119765.0, 663126119765.0, 715827813034.0, 663126119765.0, 715827813034.0]
Minimum support: 0.5
Number of cores: 14
Number of patterns: 1
Number of invalid patterns: 271

0. Date
1. BUDAPEST
2. BARANYA
3. BACS
4. BEKES
5. BORSOD
6. CSONGRAD
7. FEJER
8. GYOR
9. HAJDU
10. HEVES
11. JASZ
12. KOMAROM
13. NOGRAD
14. PEST
15. SOMOGY
16. SZABOLCS
17. TOLNA
18. VAS
19. VESZPREM
20. ZALA

File: data/hungary_chickenpox.csv

Pattern : Support
['4-', '7-', '13-'] : 0.528


Iteration: Best Cost
0: 0.005681818181818182 
1: 0.005681818181818182 
2: 0.005681818181818182 
3: 0.005681818181818182 
4: 0.005681818181818182 
5: 0.005681818181818182 
6: 0.005681818181818182 
7: 0.005681818181818182 
8: 0.005681818181818182 
9: 0.005681818181818182 
10: 0.005681818181818182 
11: 0.005681818181818182 
12: 0.005681818181818182 
13: 0.005681818181818182 
14: 0.005681818181818182 
15: 0.005681818181818182 
16: 0.005681818181818182 
17: 0.005681818181818182 
18: 0.005681818181818182 
19: 0.005681818181818182 
