Run-time: 722.9316718578339 seconds
Total allocated memory size: 276.9 KiB
Algorithm: GA-GRAANK (v1.0)
Search Space: Bitmap
No. of (dataset) attributes: 15
No. of (dataset) tuples: 9357
Population size: 20
PC: 0.382
Gamma: 0.547
Mu: 0.741
Sigma: 0.654
Number of iterations: 20
Number of cost evaluations: 320
Candidates: [11162982.0, 5614233.0, 11162982.0, 5614233.0, 5854609.0, 11184722.0, 5854613.0, 11184730.0, 6579866.0, 10000746.0, 6710938.0, 10131818.0, 11119004.0, 9868700.0, 11119002.0, 9868694.0, 10049193.0, 11162982.0, 10049193.0, 11162982.0, 6646116.0, 5854616.0, 6646117.0, 5854618.0, 9802139.0, 6644379.0, 9803161.0, 6646426.0, 9790790.0, 10839690.0, 9790822.0, 10839706.0, 5592406.0, 11162982.0, 5592406.0, 11162982.0, 9873833.0, 6645402.0, 9873833.0, 6645402.0, 10850409.0, 10113189.0, 10852713.0, 10114725.0, 11162982.0, 5937577.0, 11162982.0, 5937577.0, 6645402.0, 11162982.0, 6645402.0, 11162982.0, 9803161.0, 10131818.0, 9803161.0, 10131818.0, 10839706.0, 9790822.0, 10839706.0, 9790822.0, 9790806.0, 5596502.0, 9790806.0, 5596502.0, 9803161.0, 6645402.0, 9803161.0, 6645402.0, 10131818.0, 10839706.0, 10131818.0, 10839706.0, 9790822.0, 9790822.0, 9790822.0, 9790822.0, 11162982.0, 10131818.0, 11162982.0, 10131818.0, 10114725.0, 10131818.0, 10114725.0, 10131818.0, 11184730.0, 10839706.0, 11184730.0, 10839706.0, 6645402.0, 9803161.0, 6645402.0, 9803161.0, 11184730.0, 10114725.0, 11184730.0, 10114725.0, 6645402.0, 11184730.0, 6645402.0, 11184730.0, 11184730.0, 6646117.0, 11184730.0, 6646117.0, 9790822.0, 6645402.0, 9790822.0, 6645402.0, 11184730.0, 9803161.0, 11184730.0, 9803161.0, 9790822.0, 6645402.0, 9790822.0, 6645402.0, 6646117.0, 9790822.0, 6646117.0, 9790822.0, 9803161.0, 6646117.0, 9803161.0, 6646117.0, 6646117.0, 10839706.0, 6646117.0, 10839706.0, 9790822.0, 10839706.0, 9790822.0, 10839706.0, 10839706.0, 6645402.0, 10839706.0, 6645402.0, 10839706.0, 6645402.0, 10839706.0, 6645402.0, 6645402.0, 9790822.0, 6645402.0, 9790822.0, 6645402.0, 6645402.0, 6645402.0, 6645402.0, 9790822.0, 6645402.0, 9790822.0, 6645402.0, 10839706.0, 9790822.0, 10839706.0, 9790822.0, 6645402.0, 9790822.0, 6645402.0, 9790822.0, 6645402.0, 9790822.0, 6645402.0, 9790822.0, 9790822.0, 9790822.0, 9790822.0, 9790822.0, 6645402.0, 6645402.0, 6645402.0, 6645402.0, 9790822.0, 9790822.0, 9790822.0, 9790822.0, 6645402.0, 9790822.0, 6645402.0, 9790822.0, 6645402.0, 6645402.0, 6645402.0, 6645402.0, 6645402.0, 6645402.0, 6645402.0, 6645402.0, 6645402.0, 6645402.0, 6645402.0, 6645402.0, 6645402.0, 6645402.0, 6645402.0, 6645402.0, 6645402.0, 6645402.0, 6645402.0, 6645402.0, 6645402.0, 6645402.0, 6645402.0, 6645402.0, 6645402.0, 6645402.0, 6645402.0, 6645402.0, 6645402.0, 6645402.0, 6645402.0, 6645402.0, 6645402.0, 6645402.0, 6645402.0, 6645402.0, 6645402.0, 6645402.0, 6645402.0, 6645402.0, 6645402.0, 6645402.0, 6645402.0, 6645402.0, 6645402.0, 6645402.0, 6645402.0, 6645402.0, 6645402.0, 6645402.0, 6645402.0, 6645402.0, 6645402.0, 6645402.0, 6645402.0, 6645402.0, 6645402.0, 6645402.0, 6645402.0, 6645402.0, 6645402.0, 6645402.0, 6645402.0, 6645402.0, 6645402.0, 6645402.0, 6645402.0, 6645402.0, 6645402.0, 6645402.0, 6645402.0, 6645402.0, 6645402.0, 6645402.0, 6645402.0, 6645402.0, 6645402.0, 6645402.0, 6645402.0, 6645402.0, 6645402.0, 6645402.0, 6645402.0, 6645402.0, 6645402.0, 6645402.0, 6645402.0, 6645402.0, 6645402.0, 6645402.0, 6645402.0, 6645402.0, 6645402.0, 6645402.0, 6645402.0, 6645402.0, 6645402.0, 6645402.0, 6645402.0, 6645402.0, 6645402.0, 6645402.0, 6645402.0, 6645402.0, 6645402.0, 6645402.0, 6645402.0, 6645402.0, 6645402.0, 6645402.0, 6645402.0, 6645402.0, 6645402.0, 6645402.0, 6645402.0, 6645402.0, 6645402.0, 6645402.0, 6645402.0, 6645402.0, 6645402.0, 6645402.0, 6645402.0, 6645402.0, 6645402.0, 6645402.0, 6645402.0, 6645402.0, 6645402.0, 6645402.0, 6645402.0, 6645402.0, 6645402.0, 6645402.0, 6645402.0, 6645402.0, 6645402.0, 6645402.0, 6645402.0, 6645402.0]
Minimum support: 0.5
Number of cores: 14
Number of patterns: 0
Number of invalid patterns: 23

0. Date
1. Time
2. CO(GT)
3. PT08.S1(CO)
4. NMHC(GT)
5. C6H6(GT)
6. PT08.S2(NMHC)
7. NOx(GT)
8. PT08.S3(NOx)
9. NO2(GT)
10. PT08.S4(NO2)
11. PT08.S5(O3)
12. T
13. RH
14. AH

File: data/air_quality.csv

Pattern : Support


Iteration: Best Cost
0: 2.625216252188774e-06 
1: 2.625216252188774e-06 
2: 2.625216252188774e-06 
3: 2.625216252188774e-06 
4: 2.625216252188774e-06 
5: 2.625216252188774e-06 
6: 2.625216252188774e-06 
7: 2.625216252188774e-06 
8: 2.625216252188774e-06 
9: 2.625216252188774e-06 
10: 2.625216252188774e-06 
11: 2.625216252188774e-06 
12: 2.625216252188774e-06 
13: 2.625216252188774e-06 
14: 2.625216252188774e-06 
15: 2.625216252188774e-06 
16: 2.625216252188774e-06 
17: 2.625216252188774e-06 
18: 2.625216252188774e-06 
19: 2.625216252188774e-06 
