Run-time: 93.50993394851685 seconds
Total allocated memory size: 301.2 KiB
Algorithm: GA-GRAANK (v2.0)
Search Space: Numeric
No. of (dataset) attributes: 98
No. of (dataset) tuples: 3942
Population size: 20
PC: 0.5
Gamma: 547
Mu: 0.741
Sigma: 0.654
Number of iterations: 20
Number of cost evaluations: 400
Candidates: [1329227995784915872903807060280344575, 0, 1329227995784915872903807060280344575, 0, 1329227995784915872903807060280344575, 0, 1329227995784915872903807060280344575, 0, 0, 1329227995784915872903807060280344575, 0, 1299229997849158822008070602803345755, 0, 1329227995784915872903807060280344575, 0, 1329227995784915872903807060280344575, 0, 1329227995784915872903807060280344575, 0, 1329227995784915872903807060280344575, 0, 1329227995784915872903807060280344575, 0, 1329227995784915872903807060280344575, 0, 1329227995784915872903807060280344575, 0, 1329227995784915872903807060280344575, 1329227995784915872903807060280344575, 0, 1329227995784915872903807060280344575, 0, 0, 1329227995784915872903807060280344575, 0, 1329227995784915872903807060280344575, 1329227995784915872903807060280344575, 0, 1329227995784915872903807060280344575, 0, 0, 1329227995784915872903807060280344575, 0, 1329227995784915872903807060280344575, 0, 1329227995784915872903807060280344575, 0, 1329227995784915872903807060280344575, 1329227995784915872903807060280344575, 0, 1329227995784915872903807060280344575, 0, 1329227995784915872903807060280344575, 0, 1329227995784915872903807060280344575, 0, 1329227995784915872903807060280344575, 0, 1329227995784915872903807060280344575, 0, 1329227995784915872903807060280344575, 0, 1329227995784915872903807060280344575, 0, 1329227995784915872903807060280344575, 0, 1229279957844158829938077602283445555, 0, 0, 1329227995784915872903807060280344575, 0, 1329227995784915872903807060280344575, 0, 1329227995784915872903807060280344575, 0, 1329227995784915872903807060280344575, 0, 1329227995784915872903807060280344575, 0, 1329227995784915872903807060280344575, 1329227995784915872903807060280344575, 0, 1222227957844118729038070600803445755, 0, 0, 1329227995784915872903807060280344575, 0, 1329227995784915872903807060280344575, 0, 1329227995784915872903807060280344575, 0, 1329227995784915872903807060280344575, 0, 1329227995784915872903807060280344575, 0, 1329227995784915872903807060280344575, 0, 1329227995784915872903807060280344575, 0, 1329227995784915872903807060280344575, 1329227995784915872903807060280344575, 0, 1329227995784915872903807060280344575, 0, 1329227995784915872903807060280344575, 0, 1329227995784915872903807060280344575, 0, 1329227995784915872903807060280344575, 0, 1329227995784915872903807060280344575, 0, 1329227995784915872903807060280344575, 0, 1329227995784915872903807060280344575, 0, 1329227995784915872903807060280344575, 0, 1222279997849118779908007662883444775, 0, 1329227995784915872903807060280344575, 0, 1329227995784915872903807060280344575, 0, 0, 1329227995784915872903807060280344575, 0, 1329227995784915872903807060280344575, 0, 1329227995784915872903807060280344575, 0, 1329227995784915872903807060280344575, 1329227995784915872903807060280344575, 0, 1329227995784915872903807060280344575, 0, 1329227995784915872903807060280344575, 0, 1292277957749958779038800602203445755, 0, 1329227995784915872903807060280344575, 0, 1299229955849118779033077600803345755, 0, 0, 1329227995784915872903807060280344575, 0, 1329227995784915872903807060280344575, 0, 1329227995784915872903807060280344575, 0, 1329227995784915872903807060280344575, 1329227995784915872903807060280344575, 0, 1329227995784915872903807060280344575, 0, 1329227995784915872903807060280344575, 0, 1329227995784915872903807060280344575, 0, 0, 1329227995784915872903807060280344575, 0, 1222279997849115729908070602203444755, 1329227995784915872903807060280344575, 0, 1329227995784915872903807060280344575, 0, 0, 1329227995784915872903807060280344575, 0, 1329227995784915872903807060280344575, 1329227995784915872903807060280344575, 0, 1329227995784915872903807060280344575, 0, 1329227995784915872903807060280344575, 0, 1329227995784915872903807060280344575, 0, 0, 1329227995784915872903807060280344575, 0, 1222279957884118722038070662803445555, 1329227995784915872903807060280344575, 0, 1329227995784915872903807060280344575, 0, 0, 1329227995784915872903807060280344575, 0, 1329227995784915872903807060280344575, 0, 1329227995784915872903807060280344575, 0, 1329227995784915872903807060280344575, 1329227995784915872903807060280344575, 0, 1329227995784915872903807060280344575, 0, 1329227995784915872903807060280344575, 0, 1329227995784915872903807060280344575, 0, 0, 1329227995784915872903807060280344575, 0, 1329227995784915872903807060280344575, 0, 1329227995784915872903807060280344575, 0, 1329227995784915872903807060280344575, 0, 1329227995784915872903807060280344575, 0, 1329227995784915872903807060280344575, 1329227995784915872903807060280344575, 0, 1329227995784915872903807060280344575, 0, 0, 1329227995784915872903807060280344575, 0, 1329227995784915872903807060280344575, 0, 1329227995784915872903807060280344575, 0, 1329227995784915872903807060280344575, 1329227995784915872903807060280344575, 0, 1329227995784915872903807060280344575, 0, 1329227995784915872903807060280344575, 0, 1329227995784915872903807060280344575, 0, 0, 1329227995784915872903807060280344575, 0, 1329227995784915872903807060280344575, 1329227995784915872903807060280344575, 0, 1329227995784915872903807060280344575, 0, 1329227995784915872903807060280344575, 0, 1329227995784915872903807060280344575, 0, 1329227995784915872903807060280344575, 0, 1299279997849158772033077000803445775, 0, 0, 1329227995784915872903807060280344575, 0, 1329227995784915872903807060280344575, 1329227995784915872903807060280344575, 0, 1329227995784915872903807060280344575, 0, 0, 1329227995784915872903807060280344575, 0, 1329227995784915872903807060280344575, 0, 1329227995784915872903807060280344575, 0, 1329227995784915872903807060280344575, 1329227995784915872903807060280344575, 0, 1329227995784915872903807060280344575, 0, 0, 1329227995784915872903807060280344575, 0, 1329227995784915872903807060280344575, 0, 1329227995784915872903807060280344575, 0, 1329227995784915872903807060280344575, 1329227995784915872903807060280344575, 0, 1329227995784915872903807060280344575, 0, 1329227995784915872903807060280344575, 0, 1329227995784915872903807060280344575, 0, 1329227995784915872903807060280344575, 0, 1329227995784915872903807060280344575, 0, 1329227995784915872903807060280344575, 0, 1229277957749958779033070662283345755, 0, 1329227995784915872903807060280344575, 0, 1329227995784915872903807060280344575, 0, 1329227995784915872903807060280344575, 0, 1299277955844158729003070660883445775, 0, 1329227995784915872903807060280344575, 0, 1329227995784915872903807060280344575, 0, 0, 1329227995784915872903807060280344575, 0, 1329227995784915872903807060280344575, 0, 1329227995784915872903807060280344575, 0, 1329227995784915872903807060280344575, 1329227995784915872903807060280344575, 0, 1329227995784915872903807060280344575, 0, 1329227995784915872903807060280344575, 0, 1329227995784915872903807060280344575, 0, 1329227995784915872903807060280344575, 0, 1329227995784915872903807060280344575, 0, 1329227995784915872903807060280344575, 0, 1329227995784915872903807060280344575, 0, 0, 1329227995784915872903807060280344575, 0, 1329227995784915872903807060280344575, 1329227995784915872903807060280344575, 0, 1222279955889158772038077000803445755, 0, 1329227995784915872903807060280344575, 0, 1329227995784915872903807060280344575, 0, 0, 1329227995784915872903807060280344575, 0, 1299279997749155779038007662803445755, 1329227995784915872903807060280344575, 0, 1329227995784915872903807060280344575, 0, 0, 1329227995784915872903807060280344575, 0, 1329227995784915872903807060280344575, 0, 1329227995784915872903807060280344575, 0, 1329227995784915872903807060280344575, 0, 1329227995784915872903807060280344575, 0, 1329227995784915872903807060280344575, 1329227995784915872903807060280344575, 0, 1329227995784915872903807060280344575, 0, 0, 1329227995784915872903807060280344575, 0, 1292277957849158779038000000800445755, 0, 1329227995784915872903807060280344575, 0, 1329227995784915872903807060280344575, 1329227995784915872903807060280344575, 0, 1329227995784915872903807060280344575, 0, 0, 1329227995784915872903807060280344575, 0, 1329227995784915872903807060280344575, 0, 1329227995784915872903807060280344575, 0, 1329227995784915872903807060280344575, 1329227995784915872903807060280344575, 0, 1329227995784915872903807060280344575, 0, 1329227995784915872903807060280344575, 0, 1329227995784915872903807060280344575, 0, 1329227995784915872903807060280344575, 0, 1329227995784915872903807060280344575, 0]
Minimum support: 0.5
Number of cores: 14
Number of patterns: 1
Number of invalid patterns: 400

0. nr
1. i1_legid
2. i1_rcs_p
3. i1_rcs_e
4. i1_dep_1_p
5. i1_dep_1_e
6. i1_dep_1_place
7. i1_rcf_1_p
8. i1_rcf_1_e
9. i1_rcf_1_place
10. i1_dep_2_p
11. i1_dep_2_e
12. i1_dep_2_place
13. i1_rcf_2_p
14. i1_rcf_2_e
15. i1_rcf_2_place
16. i1_dep_3_p
17. i1_dep_3_e
18. i1_dep_3_place
19. i1_rcf_3_p
20. i1_rcf_3_e
21. i1_rcf_3_place
22. i1_dlv_p
23. i1_dlv_e
24. i1_hops
25. i2_legid
26. i2_rcs_p
27. i2_rcs_e
28. i2_dep_1_p
29. i2_dep_1_e
30. i2_dep_1_place
31. i2_rcf_1_p
32. i2_rcf_1_e
33. i2_rcf_1_place
34. i2_dep_2_p
35. i2_dep_2_e
36. i2_dep_2_place
37. i2_rcf_2_p
38. i2_rcf_2_e
39. i2_rcf_2_place
40. i2_dep_3_p
41. i2_dep_3_e
42. i2_dep_3_place
43. i2_rcf_3_p
44. i2_rcf_3_e
45. i2_rcf_3_place
46. i2_dlv_p
47. i2_dlv_e
48. i2_hops
49. i3_legid
50. i3_rcs_p
51. i3_rcs_e
52. i3_dep_1_p
53. i3_dep_1_e
54. i3_dep_1_place
55. i3_rcf_1_p
56. i3_rcf_1_e
57. i3_rcf_1_place
58. i3_dep_2_p
59. i3_dep_2_e
60. i3_dep_2_place
61. i3_rcf_2_p
62. i3_rcf_2_e
63. i3_rcf_2_place
64. i3_dep_3_p
65. i3_dep_3_e
66. i3_dep_3_place
67. i3_rcf_3_p
68. i3_rcf_3_e
69. i3_rcf_3_place
70. i3_dlv_p
71. i3_dlv_e
72. i3_hops
73. o_legid
74. o_rcs_p
75. o_rcs_e
76. o_dep_1_p
77. o_dep_1_e
78. o_dep_1_place
79. o_rcf_1_p
80. o_rcf_1_e
81. o_rcf_1_place
82. o_dep_2_p
83. o_dep_2_e
84. o_dep_2_place
85. o_rcf_2_p
86. o_rcf_2_e
87. o_rcf_2_place
88. o_dep_3_p
89. o_dep_3_e
90. o_dep_3_place
91. o_rcf_3_p
92. o_rcf_3_e
93. o_rcf_3_place
94. o_dlv_p
95. o_dlv_e
96. o_hops
97. legs

File: data/c2k.csv

Pattern : Support
['0+', '2-'] : 0.502


Iteration: Best Cost
0: 1 
1: 1 
2: 1 
3: 1 
4: 1 
5: 1 
6: 1 
7: 1 
8: 1 
9: 1 
10: 1 
11: 1 
12: 1 
13: 1 
14: 1 
15: 1 
16: 1 
17: 1 
18: 1 
19: 1 
