Run-time: 251.82596254348755 seconds
Total allocated memory size: 282.9 KiB
Algorithm: GA-GRAANK (v2.0)
Search Space: Numeric
No. of (dataset) attributes: 15
No. of (dataset) tuples: 9357
Population size: 20
PC: 0.5
Gamma: 547
Mu: 0.741
Sigma: 0.654
Number of iterations: 20
Number of cost evaluations: 400
Candidates: [0, 16777215, 0, 16777215, 16777215, 0, 16777215, 0, 0, 16777215, 0, 16777215, 16777215, 0, 16777215, 0, 16777215, 0, 16777215, 0, 16777215, 0, 16772155, 0, 0, 16777215, 0, 16777215, 0, 16777215, 0, 16777215, 16777215, 0, 16777215, 0, 16777215, 0, 16777215, 0, 16777215, 0, 16777215, 0, 16777215, 16777215, 16777215, 16777215, 16777215, 0, 16777215, 0, 16777215, 0, 16777215, 0, 16777215, 16777215, 16777215, 16777215, 0, 16777215, 0, 16777215, 16777215, 16777215, 16777215, 16777215, 16777215, 16777215, 16777215, 16777215, 16777215, 16777215, 16777215, 16777215, 0, 16777215, 0, 16777215, 16777215, 16777215, 16777215, 16777215, 16777215, 16777215, 16777215, 16772155, 15118335, 16777215, 16777215, 16777215, 16777215, 16777215, 16777215, 16777215, 15555774, 16777215, 16777215, 16777215, 16777215, 16777215, 16777215, 16777215, 16777215, 16777215, 16777215, 16777215, 16777215, 16777215, 16777215, 16777215, 16777215, 16777215, 16777215, 16777215, 16777215, 15818308, 16777215, 16777215, 16777215, 16777215, 16777215, 16777215, 16777215, 16777215, 16772155, 16777215, 16777215, 16777215, 16777215, 16777215, 16777215, 16777215, 16777215, 16777215, 16777215, 16777215, 16777215, 16777215, 14376143, 16777215, 16777215, 16777215, 15202951, 16777215, 16777215, 16777215, 16777215, 16777215, 16777215, 16777215, 16581126, 16777215, 16581266, 16777215, 16777215, 16777215, 16777215, 16777215, 16777215, 16777215, 16777215, 16777215, 15593471, 16777215, 16777215, 16777215, 16777215, 16777215, 16777215, 16777215, 16777215, 14731417, 16777215, 14714177, 16777215, 16777215, 16777215, 16777215, 14577236, 16777215, 15772366, 16777215, 15321353, 16777215, 16777215, 16777215, 14567197, 16777215, 16777215, 16777215, 16777215, 15192710, 16777215, 16777215, 16777215, 16777215, 16777215, 16777215, 16777215, 16777215, 16772155, 16777215, 14979726, 16777215, 16777215, 16777215, 16777215, 16777215, 16777215, 16777215, 16777215, 16777215, 16777215, 16777215, 16777215, 16777215, 16777215, 16777215, 16777215, 16462576, 16777215, 16777215, 14806727, 16777215, 16777215, 16777215, 14486598, 16777215, 16777215, 16777215, 16777215, 16777215, 16777215, 16772155, 14421024, 16777215, 16777215, 16777215, 16777215, 16777215, 16777215, 16777215, 14362814, 16777215, 16777215, 16777215, 16777215, 16777215, 16777215, 16777215, 16777215, 0, 16777215, 0, 16777215, 16777215, 16777215, 16777215, 16777215, 16777215, 16777215, 16777215, 16777215, 16777215, 16777215, 16777215, 16777215, 16777215, 16777215, 16777215, 16772155, 16772155, 16777215, 16777215, 16777215, 0, 16777215, 0, 16777215, 0, 16777215, 0, 16777215, 15358094, 16777215, 16777215, 16777215, 16777215, 16777215, 16777215, 16777215, 14025582, 16777215, 16777215, 16777215, 16777215, 16777215, 16777215, 16777215, 16777215, 16777215, 16777215, 16777215, 16665414, 16777215, 16777215, 11998622, 16777215, 16777215, 16777215, 16777215, 16777215, 16777215, 16777215, 16777215, 15918658, 16777215, 16777215, 16777215, 16777215, 16777215, 16777215, 16777215, 16777215, 16777215, 16777215, 14863143, 16777215, 16777215, 16777215, 16777215, 16777215, 16777215, 16777215, 16777215, 16777215, 16777215, 16777215, 16777215, 0, 16777215, 0, 16777215, 16777215, 16777215, 16777215, 16777215, 15766594, 16777215, 16777215, 16777215, 14789046, 16777155, 16777215, 16777215, 16777215, 16777215, 16777215, 0, 16777215, 0, 16777215, 16777215, 14507176, 16777215, 16777215, 16777215, 16777215, 16777215, 16777215, 16777215, 16777215, 16777215, 16777215, 16776225, 16777215, 16777215, 16777215, 16777215, 16489722, 16777215, 16777215, 0, 16777215, 0, 16777215, 16777215, 16777215, 16777215, 16777215, 16777215, 0, 16777215, 0, 16777215, 0, 16777215, 0]
Minimum support: 0.5
Number of cores: 14
Number of patterns: 2
Number of invalid patterns: 58

0. Date
1. Time
2. CO(GT)
3. PT08.S1(CO)
4. NMHC(GT)
5. C6H6(GT)
6. PT08.S2(NMHC)
7. NOx(GT)
8. PT08.S3(NOx)
9. NO2(GT)
10. PT08.S4(NO2)
11. PT08.S5(O3)
12. T
13. RH
14. AH

File: data/air_quality.csv

Pattern : Support
['2+', '3+', '5+', '6+', '7+', '9+'] : 0.505
['2+', '3+', '7+', '9+', '11+'] : 0.509


Iteration: Best Cost
0: 1.0774329513474377e-06 
1: 1.0633648479228762e-06 
2: 1.0633648479228762e-06 
3: 1.0633648479228762e-06 
4: 1.0633648479228762e-06 
5: 1.0633648479228762e-06 
6: 1.0633648479228762e-06 
7: 1.0633648479228762e-06 
8: 1.7550960090169812e-07 
9: 1.7550960090169812e-07 
10: 1.7550960090169812e-07 
11: 1.7550960090169812e-07 
12: 1.7550960090169812e-07 
13: 1.7550960090169812e-07 
14: 1.7550960090169812e-07 
15: 1.7550960090169812e-07 
16: 1.7550960090169812e-07 
17: 1.7550960090169812e-07 
18: 1.7550960090169812e-07 
19: 1.7550960090169812e-07 
