Run-time: 1.7009775638580322 seconds
Total allocated memory size: 287.9 KiB
Algorithm: GA-GRAANK (v2.0)
Search Space: Numeric
No. of (dataset) attributes: 21
No. of (dataset) tuples: 522
Population size: 12
PC: 0.913
Gamma: 0.529
Mu: 0.856
Sigma: 0.209
Number of iterations: 20
Number of cost evaluations: 400
Candidates: [779240752770, 493132171698, 792407527770, 931321716988, 476945232813, 488567424583, 779442328133, 885574225833, 752121874385, 601337174021, 551118843855, 613331740211, 405016348431, 473517296578, 50163448311, 735117995788, 732243708412, 540129216056, 322247088122, 401299166566, 551894764511, 571930583893, 518947645111, 719305838833, 640025696010, 694379292868, 400256990100, 943792928688, 511132690334, 557272854017, 111322993344, 572722544177, 815408079239, 925577356626, 154080792399, 955777366266, 567733058033, 446897848743, 567333580333, 468978487433, 610694263244, 593402219976, 116942632444, 934022199766, 197683352813, 278644527707, 976883528133, 786445277077, 501178419144, 541828298523, 11188199144, 518282985233, 543256461243, 523843898366, 432564612433, 228438993666, 689786817572, 879322288904, 897768875722, 793322889044, 920057405993, 168149115483, 200074059933, 181441154433, 609758106772, 676478732870, 697581167722, 764787328700, 67024400506, 557495538848, 70244005066, 577955388488, 611667587227, 323911241105, 116675877277, 239112411055, 233714801528, 242613078992, 337148015288, 446133789922, 233866829102, 331720179851, 338668891022, 311201779511, 576623962157, 339935188063, 766229621177, 399351880633, 463218515337, 516036039716, 633185153337, 160330397766, 922101422373, 456081272325, 221114423773, 560882723255, 724305690004, 568619691549, 243056600044, 686196915599, 860807311986, 859757382979, 608073319866, 597573829779, 723076219532, 563160620110, 720766195322, 661606221100, 575406577716, 740499594838, 574065777766, 404495948338, 834512106429, 522564426402, 345121064299, 225544264022, 483215788655, 296342048865, 832157886555, 963420088855, 925877573903, 765017788150, 958875733033, 750177881500, 414617937453, 743706745112, 144179374533, 747067451122, 172310294646, 163211652185, 722102946666, 132111552855, 180223134563, 202296651501, 882231345633, 202966615011, 570511001571, 578181672062, 705110015711, 788116720622, 528069955762, 272470489027, 280069557622, 722704890227, 149378170971, 533852225738, 493381709711, 338822257388, 497400666110, 453141274221, 974000666100, 533412742211, 734243978575, 722976963878, 342439785755, 229766633788, 556707503380, 759198669174, 567077033300, 591986691744, 662187166937, 266321438617, 621171169377, 263214388177, 383331942081, 368322680096, 833311420811, 683226600966, 228413750340, 202991858336, 284137503300, 9911583336, 622267307949, 302802253727, 222673079499, 28022537277, 581283396375, 244729427069, 882833966755, 447294270699, 79096447749, 130367243960, 90964477499, 100672439660, 169316910278, 692017047809, 693319102788, 920170478099, 222594528839, 187285619259, 225545288399, 872856192599, 775326819336, 822771930174, 753268813366, 227719301744, 692586296895, 270970692558, 925862268995, 709706995588, 480063649803, 495442794984, 800636498033, 954427999884, 501054022546, 466699921164, 10544225466, 666699211644, 607802781038, 736838499862, 78022880338, 368384998622, 311161702515, 489378742274, 311611022155, 883788422744, 228130687445, 225853594619, 281306877455, 228535946199, 759830163398, 186398319734, 798301633388, 883988197344, 545583644504, 402064590560, 455836445004, 20665905500, 160204188277, 49259503432, 662041182777, 42599034322, 288092397965, 308731594322, 880923979655, 87315943322, 279425785856, 617473095698, 294257858566, 177730956988, 734154218973, 735016178814, 341542119733, 350161788144, 645179531928, 301048951204, 451795319288, 10089512044, 793503723867, 786875148065, 933037238677, 868751480055, 155159330118, 75829822169, 551593331188, 58298221699, 177884313494, 179772527759, 778843334944, 797725577559, 822807939062, 775290810448, 228879390622, 752908104488, 316782712072, 183713839404, 166827122772, 837138394004, 827080303335, 741349113263, 270803033355, 743499133633, 87827124444, 391990732120, 78271144444, 919900321200, 284086060121, 640983501555, 840860001211, 409835015555, 500531939243, 274558049155, 505319392433, 745580099555, 243048497124, 340858375018, 443484971244, 408583755188, 697582401582, 169647147060, 975824411522, 666471470600, 156842233760, 239565302138, 566422337600, 395653001388, 593163389042, 540008938279, 931633390422, 400088382799, 476090503232, 582766205977, 760905033322, 822662059777, 809341328403, 746073039073, 93413288033, 740730399733, 244829232100, 609385267420, 448222321000, 93352674200, 127567850270, 635572682794, 275678552700, 355726827744, 773759778631, 824338970879, 737599788311, 843389778799, 646919889433, 438359894498, 469198894333, 388599944988, 962372191798, 41474757000, 623721917988, 14447570000, 524642952474, 578860041935, 246422524744, 788600411355, 303782264093, 686550353005, 37882660993, 666500333055, 775554756727, 935387650582, 775557567227, 353886605822, 169651249053, 580474234889, 696612490533, 804742348899, 216411304970, 265862036028, 164113349700, 258660360288, 229790899247, 667107982307, 297908992477, 671079823077, 314990570017, 650432403648, 149905500017, 504332003488, 367558586621, 350988200144, 365588866211, 559882001144, 491334012523, 623615104320, 493340122233, 236151003200, 365752354242, 356519250201, 657523544422, 365192502011, 628125627704, 486823489139, 281155227744, 888233891399, 296290307144, 185983033854, 966203071144, 859830333854, 729628714960, 727592227493, 296288149600, 275922274933, 525637897585, 328576601935, 256678975855, 285766001355, 244597376019, 703050859045, 445977770199, 30508899455, 789966538378, 536019661287, 899665588788, 360196612877, 321600517642, 60308625456, 311605176422, 3386655566, 348064178020, 316608970201, 440041770200, 166089902011]
Minimum support: 0.5
Number of cores: 14
Number of patterns: 1
Number of invalid patterns: 136

0. Date
1. BUDAPEST
2. BARANYA
3. BACS
4. BEKES
5. BORSOD
6. CSONGRAD
7. FEJER
8. GYOR
9. HAJDU
10. HEVES
11. JASZ
12. KOMAROM
13. NOGRAD
14. PEST
15. SOMOGY
16. SZABOLCS
17. TOLNA
18. VAS
19. VESZPREM
20. ZALA

File: data/hungary_chickenpox.csv

Pattern : Support
['1+', '2+', '3+', '4+', '14+'] : 0.504


Iteration: Best Cost
0: 0.01 
1: 2.6638962146034792e-05 
2: 2.6638962146034792e-05 
3: 2.6638962146034792e-05 
4: 2.6638962146034792e-05 
5: 2.6638962146034792e-05 
6: 2.6638962146034792e-05 
7: 2.6638962146034792e-05 
8: 2.6638962146034792e-05 
9: 2.6638962146034792e-05 
10: 2.6638962146034792e-05 
11: 2.6638962146034792e-05 
12: 2.6638962146034792e-05 
13: 2.6638962146034792e-05 
14: 2.6638962146034792e-05 
15: 2.6638962146034792e-05 
16: 2.6638962146034792e-05 
17: 2.6638962146034792e-05 
18: 2.6638962146034792e-05 
19: 2.6638962146034792e-05 
