Run-time: 384.64920687675476 seconds
Total allocated memory size: 271.7 KiB
Algorithm: GA-GRAANK (v1.0)
Search Space: Bitmap
No. of (dataset) attributes: 9
No. of (dataset) tuples: 10001
Population size: 17
PC: 0.5
Gamma: 527
Mu: 0.649
Sigma: 0.7
Number of iterations: 20
Number of cost evaluations: 320
Candidates: [425.0, 598.0, 425.0, 598.0, 430.0, 621.0, 426.0, 617.0, 874.0, 917.0, 618.0, 661.0, 73.0, 134.0, 601.0, 662.0, 661.0, 598.0, 661.0, 598.0, 426.0, 598.0, 426.0, 598.0, 598.0, 601.0, 598.0, 601.0, 597.0, 426.0, 597.0, 426.0, 425.0, 661.0, 425.0, 661.0, 617.0, 598.0, 617.0, 598.0, 617.0, 597.0, 617.0, 597.0, 601.0, 422.0, 601.0, 422.0, 662.0, 422.0, 662.0, 422.0, 598.0, 598.0, 598.0, 598.0, 617.0, 598.0, 617.0, 598.0, 601.0, 598.0, 601.0, 598.0, 425.0, 598.0, 425.0, 598.0, 617.0, 601.0, 617.0, 601.0, 618.0, 601.0, 618.0, 601.0, 601.0, 425.0, 601.0, 425.0, 601.0, 601.0, 601.0, 601.0, 601.0, 601.0, 601.0, 601.0, 618.0, 617.0, 618.0, 617.0, 617.0, 601.0, 617.0, 601.0, 618.0, 601.0, 618.0, 601.0, 601.0, 601.0, 601.0, 601.0, 601.0, 618.0, 601.0, 618.0, 601.0, 601.0, 601.0, 601.0, 422.0, 601.0, 422.0, 601.0, 601.0, 601.0, 601.0, 601.0, 601.0, 601.0, 601.0, 601.0, 601.0, 601.0, 601.0, 601.0, 601.0, 601.0, 601.0, 601.0, 601.0, 422.0, 601.0, 422.0, 601.0, 601.0, 601.0, 601.0, 601.0, 422.0, 601.0, 422.0, 601.0, 601.0, 601.0, 601.0, 601.0, 601.0, 601.0, 601.0, 601.0, 601.0, 601.0, 601.0, 601.0, 601.0, 601.0, 601.0, 601.0, 601.0, 601.0, 601.0, 422.0, 601.0, 422.0, 601.0, 601.0, 601.0, 601.0, 601.0, 601.0, 601.0, 601.0, 601.0, 601.0, 601.0, 601.0, 601.0, 601.0, 601.0, 601.0, 601.0, 601.0, 601.0, 601.0, 601.0, 601.0, 601.0, 601.0, 601.0, 601.0, 422.0, 601.0, 422.0, 601.0, 601.0, 601.0, 601.0, 601.0, 601.0, 601.0, 601.0, 601.0, 422.0, 601.0, 422.0, 601.0, 601.0, 601.0, 601.0, 422.0, 601.0, 422.0, 601.0, 601.0, 601.0, 601.0, 601.0, 601.0, 601.0, 601.0, 601.0, 601.0, 601.0, 601.0, 601.0, 422.0, 601.0, 422.0, 601.0, 601.0, 422.0, 601.0, 422.0, 601.0, 601.0, 601.0, 601.0, 601.0, 601.0, 601.0, 601.0, 601.0, 601.0, 601.0, 601.0, 422.0, 422.0, 422.0, 422.0, 601.0, 601.0, 601.0, 601.0, 601.0, 601.0, 601.0, 601.0, 601.0, 601.0, 601.0, 601.0, 601.0, 601.0, 601.0, 601.0, 601.0, 601.0, 601.0, 601.0, 601.0, 601.0, 601.0, 601.0, 601.0, 601.0, 601.0, 601.0, 422.0, 422.0, 422.0, 422.0, 422.0, 601.0, 422.0, 601.0, 601.0, 601.0, 601.0, 601.0, 601.0, 601.0, 601.0, 601.0, 601.0, 601.0, 601.0, 601.0, 601.0, 422.0, 601.0, 422.0, 601.0, 601.0, 601.0, 601.0, 601.0, 601.0, 601.0, 601.0, 422.0, 601.0, 422.0, 601.0, 601.0, 601.0, 601.0, 601.0]
Minimum support: 0.5
Number of cores: 14
Number of patterns: 1
Number of invalid patterns: 0

0. Date
1. Time
2. Global_active_power
3. Global_reactive_power
4. Voltage
5. Global_intensity
6. Sub_metering_1
7. Sub_metering_2
8. Sub_metering_3

File: data/power_consumption10k.csv

Pattern : Support
['2-', '4+'] : 0.758


Iteration: Best Cost
0: 6.774198486996317e-08 
1: 6.774198486996317e-08 
2: 6.774198486996317e-08 
3: 6.774198486996317e-08 
4: 6.774198486996317e-08 
5: 6.774198486996317e-08 
6: 6.774198486996317e-08 
7: 6.774198486996317e-08 
8: 6.774198486996317e-08 
9: 6.774198486996317e-08 
10: 6.774198486996317e-08 
11: 6.774198486996317e-08 
12: 6.774198486996317e-08 
13: 6.774198486996317e-08 
14: 6.774198486996317e-08 
15: 6.774198486996317e-08 
16: 6.774198486996317e-08 
17: 6.774198486996317e-08 
18: 6.774198486996317e-08 
19: 6.774198486996317e-08 
