Run-time: 0.9284746646881104 seconds
Total allocated memory size: 260.1 KiB
Algorithm: GA-GRAANK (v1.0)
Search Space: Bitmap
No. of (dataset) attributes: 11
No. of (dataset) tuples: 589
Population size: 8
PC: 0.776
Gamma: 0.746
Mu: 0.842
Sigma: 0.681
Number of iterations: 20
Number of cost evaluations: 240
Candidates: [367254.0, 628373.0, 1415830.0, 2725525.0, 1382774.0, 2692473.0, 1399142.0, 2708841.0, 2448042.0, 1676629.0, 2448042.0, 1676629.0, 2708841.0, 2725525.0, 2708841.0, 2725525.0, 2791846.0, 2708841.0, 2791846.0, 2708841.0, 1415830.0, 1399142.0, 1415830.0, 1399142.0, 1399142.0, 1676629.0, 1399142.0, 1676629.0, 1676629.0, 1399142.0, 1676629.0, 1399142.0, 1399142.0, 1676629.0, 1399142.0, 1676629.0, 1399142.0, 1399142.0, 1399142.0, 1399142.0, 2725525.0, 1399142.0, 2725525.0, 1399142.0, 2725525.0, 1399142.0, 2725525.0, 1399142.0, 1399142.0, 1399142.0, 1399142.0, 1399142.0, 1399142.0, 2791846.0, 1399142.0, 2791846.0, 1399142.0, 1399142.0, 1399142.0, 1399142.0, 1399142.0, 2791846.0, 1399142.0, 2791846.0, 1399142.0, 1399142.0, 1399142.0, 1399142.0, 1399142.0, 1399142.0, 1399142.0, 1399142.0, 2791846.0, 1399142.0, 2791846.0, 1399142.0, 2791846.0, 1399142.0, 2791846.0, 1399142.0, 1399142.0, 2791846.0, 1399142.0, 2791846.0, 2791846.0, 2791846.0, 2791846.0, 2791846.0, 2791846.0, 2791846.0, 2791846.0, 2791846.0, 2791846.0, 2791846.0, 2791846.0, 2791846.0, 2791846.0, 2791846.0, 2791846.0, 2791846.0, 2791846.0, 2791846.0, 2791846.0, 2791846.0, 2791846.0, 2791846.0, 2791846.0, 2791846.0, 2791846.0, 2791846.0, 2791846.0, 2791846.0, 2791846.0, 2791846.0, 2791846.0, 2791846.0, 2791846.0, 2791846.0, 2791846.0, 2791846.0, 2791846.0, 2791846.0, 2791846.0, 2791846.0, 2791846.0, 2791846.0, 2791846.0, 2791846.0, 2791846.0, 2791846.0, 2791846.0, 2791846.0, 2791846.0, 2791846.0, 2791846.0, 2791846.0, 2791846.0, 2791846.0, 2791846.0, 2791846.0, 2791846.0, 2791846.0, 2791846.0, 2791846.0, 2791846.0, 2791846.0, 2791846.0, 2791846.0, 2791846.0, 2791846.0, 2791846.0, 2791846.0, 2791846.0, 2791846.0, 2791846.0, 2791846.0, 2791846.0, 2791846.0, 2791846.0, 2791846.0, 2791846.0, 2791846.0, 2791846.0, 2791846.0, 2791846.0, 2791846.0, 2791846.0, 2791846.0, 2791846.0, 2791846.0, 2791846.0, 2791846.0, 2791846.0, 2791846.0, 2791846.0, 2791846.0, 2791846.0, 2791846.0, 2791846.0, 2791846.0, 2791846.0, 2791846.0, 2791846.0, 2791846.0, 2791846.0, 2791846.0, 2791846.0, 2791846.0, 2791846.0, 2791846.0, 2791846.0, 2791846.0, 2791846.0, 2791846.0, 2791846.0, 2791846.0, 2791846.0, 2791846.0, 2791846.0, 2791846.0, 2791846.0, 2791846.0, 2791846.0, 2791846.0, 2791846.0, 2791846.0, 2791846.0, 2791846.0, 2791846.0, 2791846.0, 2791846.0, 2791846.0, 2791846.0, 2791846.0, 2791846.0, 2791846.0, 2791846.0, 2791846.0, 2791846.0, 2791846.0, 2791846.0, 2791846.0, 2791846.0, 2791846.0, 2791846.0, 2791846.0, 2791846.0, 2791846.0, 2791846.0, 2791846.0, 2791846.0, 2791846.0, 2791846.0, 2791846.0, 2791846.0, 2791846.0, 2791846.0, 2791846.0, 2791846.0, 2791846.0]
Minimum support: 0.5
Number of cores: 14
Number of patterns: 1
Number of invalid patterns: 0

0. Age
1. ALB
2. ALP
3. ALT
4. AST
5. BIL
6. CHE
7. CHOL
8. CREA
9. GGT
10. PROT

File: data/hcv_data.csv

Pattern : Support
['3+', '5+'] : 0.524


Iteration: Best Cost
0: 0.00036429872495446266 
1: 0.00036429872495446266 
2: 0.00036429872495446266 
3: 0.00036429872495446266 
4: 0.00036429872495446266 
5: 0.00036429872495446266 
6: 0.00036429872495446266 
7: 0.00036429872495446266 
8: 0.00036429872495446266 
9: 0.00036429872495446266 
10: 0.00036429872495446266 
11: 0.00036429872495446266 
12: 0.00036429872495446266 
13: 0.00036429872495446266 
14: 0.00036429872495446266 
15: 0.00036429872495446266 
16: 0.00036429872495446266 
17: 0.00036429872495446266 
18: 0.00036429872495446266 
19: 0.00036429872495446266 
