Run-time: 0.5003304481506348 seconds
Total allocated memory size: 261.8 KiB
Algorithm: PSO-GRAANK (v2.0)
Search Space: Numeric
No. of (dataset) attributes: 10
No. of (dataset) tuples: 116
Particle population: 19
Velocity coeff.: 0.628
Personal coeff.: 0.14
Global coeff.: 0.431
Number of iterations: 20
Number of cost evaluations: 380
Candidates: [190525, 236727, 86468, 152169, 162921, 227961, 144663, 92883, 3447, 232493, 52252, 172359, 86391, 7203, 187415, 35393, 128422, 75104, 94150, 52252.628, 214642.3319916759, 79650.39905216856, 114512.04860279342, 157315.72535562326, 169478.5706471114, 129485.8521868046, 78857.48222839179, 15796.489127159402, 188053.89357503207, 52252.878228360234, 155355.49833628017, 72268.44182908985, 9566.167322211184, 149968.21558634177, 41671.93379513949, 115524.14066206872, 68381.54045417815, 82303.17461541349, 41672.56179513949, 186383.01093087508, 74993.08065401237, 97946.0268126211, 132992.06265412766, 119635.86898108103, 92380.68453017142, 77655.09719778711, 22403.169274866814, 182880.22878107088, 51764.24069995659, 125334.31155362465, 68709.60406836036, 17044.872480474034, 137070.8025375043, 41672.82648192446, 84293.01854221537, 60178.79934470804, 70024.80056152097, 70025.42856152097, 142051.32555613384, 72880.05268228157, 90696.76657709673, 109404.31602914231, 106410.03950580748, 86313.4874187869, 74569.61590399139, 37081.530507930926, 149001.40624993073, 54262.86818740641, 124547.30490671833, 69144.23350434429, 36247.30258761775, 131189.81208207613, 42908.540894266436, 79349.57138528711, 60395.45027478133, 70025.53310617093, 70026.05656152096, 124103.16784069312, 71769.48796250272, 87669.87774465846, 95928.27668038697, 96137.38027733826, 81491.77214236985, 74214.22510100534, 43994.076688394816, 148960.05416628186, 60949.11378102405, 107888.45210021004, 69227.23813187351, 47229.903607781394, 124296.6084831698, 49964.17500637186, 76687.04365577486, 63475.581603149105, 70026.27197595328, 124297.23648316979, 124125.69848735377, 79260.12767802623, 102372.10894934251, 108120.00459799422, 98441.47685823405, 85867.45960528754, 92372.41633833248, 71731.7595852967, 138801.38159656455, 65401.7104946024, 112827.68158777281, 84101.62155852468, 55093.29475024348, 124297.27985078095, 50149.62385475204, 85594.80164841421, 88312.15179894879, 70403.53537969505, 98442.10485823404, 117425.72243924296, 80888.74266876296, 101787.89613472755, 105885.29285582433, 98442.13948819217, 90900.44509472408, 93110.2750681295, 76999.20959057835, 122900.77524317458, 77289.84080069781, 107884.82745736322, 84379.21379485459, 68899.09591548414, 119390.7675923125, 70912.53960509718, 89222.64464129407, 89542.37190026812, 72003.82475358137, 70913.16760509717, 115941.68322110476, 77412.33349421098, 100150.95515712713, 100170.2341426582, 89726.41857724391, 82692.04581539927, 83942.81516614043, 76501.2539617871, 120649.38803605904, 75152.38913018002, 107626.20307838227, 81960.66464242089, 69454.76798317794, 104980.03316051235, 70913.26803441925, 82033.27204349589, 84682.76053651619, 71851.06720834434, 70913.79560509717, 107712.7288664986, 76642.76995240753, 90962.31261669596, 88504.37352537182, 85155.09650645989, 78401.7135256778, 79995.16428687047, 74159.15012936083, 115838.3706096749, 74868.08836819834, 96720.9541112292, 80770.52459631427, 69481.66635906378, 90359.79790839978, 70914.0790766126, 81386.24417746883, 83338.56650724671, 71549.9291491831, 70914.42360509717, 102495.52712528978, 75412.69873520204, 83794.26260915754, 84096.01116685252, 80593.71460910508, 75409.25051935784, 78505.68183697062, 74121.56486434155, 99753.61830218234, 74404.73178090018, 86845.79344329103, 77018.67498511863, 69646.27115134551, 87437.52093906647, 70914.7080696582, 77904.53377540577, 82075.7722143541, 71347.06265035314, 69646.89915134551, 100382.56487595495, 73600.85872540946, 83641.16415161586, 80252.60890088543, 79899.0397537793, 75408.54382406142, 75132.64568319294, 72937.59644604816, 91149.19881531208, 73965.9687153739, 83835.70236284852, 75971.17279537772, 69646.94442011091, 81661.99152448316, 70580.85927013344, 75308.16735165362, 81073.00525521576, 70635.71191357914, 73601.48672540946, 93566.4538577731, 73601.71215200797, 82049.1341119304, 77516.4399735277, 79254.03903642981, 75056.52288053647, 75000.54736096921, 73048.93438923529, 89402.446721358, 73847.65508454869, 80532.46979081203, 75290.95628631294, 70617.98730021024, 79150.08347792341, 70697.5034306529, 74627.05951705045, 79369.07800069395, 70944.14955395959, 73602.11472540945, 85470.66669668978, 73602.39867307337, 80930.57720571673, 76161.39955914629, 77508.62537786394, 74579.84306409139, 74586.26925160889, 73079.62020523248, 87539.95461072984, 73828.75834439168, 79514.62406983982, 74740.15302642346, 71507.45738360527, 77431.20936976788, 70984.89766199942, 74324.56853231283, 78272.20632707243, 71181.54732044041, 73602.74272540945, 85364.98951456224, 73603.03350119971, 78622.2772959817, 75966.94198299547, 76153.33464022723, 74331.49175657346, 74311.25196024323, 73150.27128285565, 87290.59637087153, 73758.41368610636, 77832.2856822684, 74579.22638408671, 71747.01707214795, 75828.42276598603, 72033.4380818722, 74069.71986866416, 76567.04831914275, 71525.12687443302, 73603.37072540945, 83859.92607435198, 73603.73692891849, 77840.11885831694, 75734.76180228098, 75818.53871502716, 74156.14748572977, 74173.98521947833, 73173.58451187871, 82249.66993959133, 73713.85192065843, 77414.0803874776, 74512.9026434154, 71783.92613075709, 75756.43057316184, 72559.45185847404, 74004.61757115148, 75536.28633963529, 72171.6401486395, 77840.74685831694, 81923.32049136802, 73790.8754371959, 77841.00244645323, 76370.09735448624, 76472.06869795652, 74673.4458631138, 75742.22251878624, 73545.32876808233, 81929.59775772778, 75128.23924159746, 77487.54930431697, 75435.88980709312, 73932.08729255079, 76219.577792188, 73372.76097881832, 74530.78775639173, 76352.00623098332, 73870.20094402878, 81930.22575772778, 81924.98498536569, 75363.17295861965, 79447.93570225168, 78075.54002527741, 77061.34829800276, 75133.45569386642, 78170.32943867186, 77014.2132916994, 81930.46607473056, 75780.28518634819, 77647.44796181207, 77830.49684156221, 76533.2957031744, 76814.71189502235, 73581.08763971465, 75573.03964275708, 77171.34378545833, 76806.42038072653, 81925.61298536569, 81925.61568764983, 75694.49919326174, 80327.77869202581, 79208.72452089151, 77327.79585285093, 75759.00082613133, 78199.45415164855, 77950.64383801214, 81930.29142684741, 76177.73408300373, 78145.51080674463, 79208.83642358446, 78074.38760935387, 78575.76239104378, 74940.79318000998, 75673.79673285004, 77694.28456253321, 77075.32323033678, 81926.24098536569, 81926.38181188525, 76772.61627203508, 80364.17899892696, 79443.71035613924, 77636.80145877728, 76541.69608277004, 78449.41485895586, 78792.64220643888, 81930.08329312452, 78224.68222881008, 78182.27613388454, 79263.59576980579, 78319.51587680318, 79303.32952025505, 77047.91423996862, 75983.99323633214, 77759.09141452928, 78428.85408026802, 81926.86898536568, 81927.14566928407, 77642.18444126612, 80412.9223886086, 80313.7838938118, 79128.92998832522, 76562.67120933118, 79188.63566354087, 80107.48588050787, 81929.68318810164, 79524.85478583444, 78451.47169697584, 79446.36507127233, 78543.81198443487, 80224.78830723769, 78436.11376163442, 78254.90643170601, 78834.11621503156, 79228.94104379074]
Minimum support: 0.5
Number of cores: 14
Number of patterns: 2
Number of invalid patterns: 30

0. Age
1. BMI
2. Glucose
3. Insulin
4. HOMA
5. Leptin
6. Adiponectin
7. Resistin
8. MCP.1
9. Classification

File: data/breast_cancer.csv

Pattern : Support
['0+', '2+'] : 0.544
['0+', '4+'] : 0.507


Iteration: Best Cost
0: 0.0013966480446927375 
1: 0.0013227513227513227 
2: 0.000676132521974307 
3: 0.000676132521974307 
4: 0.000676132521974307 
5: 0.000676132521974307 
6: 0.0004310344827586207 
7: 0.0004310344827586207 
8: 0.0004310344827586207 
9: 0.0004310344827586207 
10: 0.0004310344827586207 
11: 0.0004310344827586207 
12: 0.0004310344827586207 
13: 0.0004310344827586207 
14: 0.0004310344827586207 
15: 0.0004310344827586207 
16: 0.0004310344827586207 
17: 0.0004310344827586207 
18: 0.0004310344827586207 
19: 0.0004310344827586207 
