Run-time: 642.3628740310669 seconds
Total allocated memory size: 275.5 KiB
Algorithm: GA-GRAANK (v1.0)
Search Space: Bitmap
No. of (dataset) attributes: 15
No. of (dataset) tuples: 9357
Population size: 20
PC: 0.382
Gamma: 0.547
Mu: 0.741
Sigma: 0.654
Number of iterations: 20
Number of cost evaluations: 320
Candidates: [9787734.0, 9808538.0, 9787734.0, 9808538.0, 9022310.0, 8808345.0, 11118950.0, 9856409.0, 6724248.0, 10906264.0, 6724249.0, 10906265.0, 9857688.0, 6724248.0, 9857690.0, 6724249.0, 10202005.0, 5745514.0, 10070677.0, 5679466.0, 5921434.0, 10851669.0, 5921434.0, 10851669.0, 5920150.0, 9803349.0, 5920150.0, 9803349.0, 5401125.0, 10638614.0, 5925541.0, 10900822.0, 5925541.0, 10855769.0, 5925541.0, 10855769.0, 11178605.0, 10134110.0, 11180645.0, 10135130.0, 10135193.0, 10852709.0, 10135193.0, 10852709.0, 5581413.0, 11146666.0, 5614181.0, 11163050.0, 6968725.0, 10851929.0, 6968725.0, 10851929.0, 10118550.0, 5614181.0, 10118550.0, 5614181.0, 5614181.0, 5921434.0, 5614181.0, 5921434.0, 10135141.0, 6658714.0, 10135141.0, 6658714.0, 5925541.0, 11163050.0, 5925541.0, 11163050.0, 5614181.0, 10855769.0, 5614181.0, 10855769.0, 10135193.0, 10855769.0, 10135193.0, 10855769.0, 5614181.0, 10852709.0, 5614181.0, 10852709.0, 6968725.0, 10135130.0, 6968725.0, 10135130.0, 5614181.0, 10855769.0, 5614181.0, 10855769.0, 10852709.0, 6658714.0, 10852709.0, 6658714.0, 5925541.0, 10855769.0, 5925541.0, 10855769.0, 5925541.0, 10852709.0, 5925541.0, 10852709.0, 11180645.0, 10852709.0, 11180645.0, 10852709.0, 11180645.0, 5614181.0, 11180645.0, 5614181.0, 6968725.0, 6658714.0, 6968725.0, 6658714.0, 10852709.0, 10852709.0, 10852709.0, 10852709.0, 5925541.0, 6658714.0, 5925541.0, 6658714.0, 10855769.0, 6968725.0, 10855769.0, 6968725.0, 6658714.0, 10855769.0, 6658714.0, 10855769.0, 11180645.0, 10852709.0, 11180645.0, 10852709.0, 10855769.0, 6968725.0, 10855769.0, 6968725.0, 10855769.0, 10855769.0, 10855769.0, 10855769.0, 6968725.0, 10855769.0, 6968725.0, 10855769.0, 10852709.0, 6968725.0, 10852709.0, 6968725.0, 10852709.0, 10852709.0, 10852709.0, 10852709.0, 11180645.0, 10852709.0, 11180645.0, 10852709.0, 6968725.0, 11180645.0, 6968725.0, 11180645.0, 11180645.0, 6968725.0, 11180645.0, 6968725.0, 6968725.0, 10852709.0, 6968725.0, 10852709.0, 10852709.0, 11180645.0, 10852709.0, 11180645.0, 10852709.0, 10852709.0, 10852709.0, 10852709.0, 11180645.0, 11180645.0, 11180645.0, 11180645.0, 6968725.0, 6968725.0, 6968725.0, 6968725.0, 6968725.0, 6968725.0, 6968725.0, 6968725.0, 11180645.0, 6968725.0, 11180645.0, 6968725.0, 6968725.0, 11180645.0, 6968725.0, 11180645.0, 6968725.0, 11180645.0, 6968725.0, 11180645.0, 11180645.0, 11180645.0, 11180645.0, 11180645.0, 6968725.0, 11180645.0, 6968725.0, 11180645.0, 11180645.0, 11180645.0, 11180645.0, 11180645.0, 11180645.0, 11180645.0, 11180645.0, 11180645.0, 11180645.0, 11180645.0, 11180645.0, 11180645.0, 11180645.0, 11180645.0, 11180645.0, 11180645.0, 11180645.0, 11180645.0, 11180645.0, 11180645.0, 11180645.0, 11180645.0, 11180645.0, 11180645.0, 11180645.0, 11180645.0, 11180645.0, 11180645.0, 11180645.0, 11180645.0, 11180645.0, 11180645.0, 11180645.0, 11180645.0, 11180645.0, 11180645.0, 11180645.0, 11180645.0, 11180645.0, 11180645.0, 11180645.0, 11180645.0, 11180645.0, 11180645.0, 11180645.0, 11180645.0, 11180645.0, 11180645.0, 11180645.0, 11180645.0, 11180645.0, 11180645.0, 11180645.0, 11180645.0, 11180645.0, 11180645.0, 11180645.0, 11180645.0, 11180645.0, 11180645.0, 11180645.0, 11180645.0, 11180645.0, 11180645.0, 11180645.0, 11180645.0, 11180645.0, 11180645.0, 11180645.0, 11180645.0, 11180645.0, 11180645.0, 11180645.0, 11180645.0, 11180645.0, 11180645.0, 11180645.0, 11180645.0, 11180645.0, 11180645.0, 11180645.0, 11180645.0, 11180645.0, 11180645.0, 11180645.0, 11180645.0, 11180645.0, 11180645.0, 11180645.0, 11180645.0, 11180645.0, 11180645.0, 11180645.0, 11180645.0, 11180645.0, 11180645.0, 11180645.0, 11180645.0, 11180645.0, 11180645.0, 11180645.0, 11180645.0, 11180645.0, 11180645.0, 11180645.0, 11180645.0, 11180645.0, 11180645.0, 11180645.0, 11180645.0, 11180645.0, 11180645.0]
Minimum support: 0.5
Number of cores: 14
Number of patterns: 0
Number of invalid patterns: 22

0. Date
1. Time
2. CO(GT)
3. PT08.S1(CO)
4. NMHC(GT)
5. C6H6(GT)
6. PT08.S2(NMHC)
7. NOx(GT)
8. PT08.S3(NOx)
9. NO2(GT)
10. PT08.S4(NO2)
11. PT08.S5(O3)
12. T
13. RH
14. AH

File: data/air_quality.csv

Pattern : Support


Iteration: Best Cost
0: 7.211076501950055e-08 
1: 7.211076501950055e-08 
2: 7.211076501950055e-08 
3: 7.211076501950055e-08 
4: 7.211076501950055e-08 
5: 7.211076501950055e-08 
6: 7.211076501950055e-08 
7: 7.211076501950055e-08 
8: 7.211076501950055e-08 
9: 7.211076501950055e-08 
10: 7.211076501950055e-08 
11: 7.211076501950055e-08 
12: 7.211076501950055e-08 
13: 7.211076501950055e-08 
14: 7.211076501950055e-08 
15: 7.211076501950055e-08 
16: 7.211076501950055e-08 
17: 7.211076501950055e-08 
18: 7.211076501950055e-08 
19: 7.211076501950055e-08 
