Run-time: 2.2459819316864014 seconds
Total allocated memory size: 289.3 KiB
Algorithm: GA-GRAANK (v1.0)
Search Space: Bitmap
No. of (dataset) attributes: 21
No. of (dataset) tuples: 522
Population size: 12
PC: 0.913
Gamma: 0.529
Mu: 0.856
Sigma: 0.209
Number of iterations: 20
Number of cost evaluations: 400
Candidates: [710189352549.0, 435294996137.0, 710189356645.0, 435295004329.0, 641538177621.0, 436716665173.0, 641403886165.0, 436582373717.0, 388520647077.0, 453011217061.0, 388252473765.0, 452474870437.0, 641672243798.0, 452474873513.0, 641672243798.0, 452474873513.0, 432337758617.0, 432023184793.0, 440927693209.0, 440613119385.0, 371134212505.0, 731911449257.0, 371134474649.0, 731911711401.0, 439854213785.0, 385114023253.0, 439854213785.0, 385114023253.0, 658563110570.0, 436653746517.0, 658563045034.0, 436653615445.0, 452743293601.0, 440614098257.0, 452743293609.0, 440614098265.0, 439854213785.0, 641470932581.0, 439854213785.0, 641470932581.0, 645949401694.0, 384775641518.0, 645949401686.0, 384775641514.0, 367912987033.0, 641470736981.0, 367913249177.0, 641470999125.0, 642704058974.0, 659949987422.0, 642729224790.0, 659970958934.0, 367665764969.0, 436318152085.0, 367665764969.0, 436318152085.0, 385073456557.0, 645655784030.0, 385111205289.0, 645697727062.0, 384023550570.0, 440614102421.0, 384023550570.0, 440614102421.0, 384775657894.0, 439854213785.0, 384775657894.0, 439854213785.0, 452474873505.0, 440614098257.0, 452474873509.0, 440614098261.0, 385114023257.0, 387980106134.0, 385114023257.0, 387980106134.0, 646749465178.0, 436317103509.0, 646751562330.0, 436318152085.0, 389053847958.0, 440614098265.0, 389053847958.0, 440614098265.0, 304311065177.0, 317451576742.0, 370883058265.0, 384023569830.0, 647555820126.0, 368471071341.0, 645945207382.0, 366860458601.0, 350415821598.0, 350485879597.0, 384775576214.0, 367665764709.0, 710155081326.0, 646732687966.0, 710172907110.0, 646767290970.0, 452743047076.0, 389053848468.0, 452743046565.0, 389053848213.0, 731823630181.0, 659951364010.0, 731865572709.0, 659976529322.0, 435512756645.0, 710172903018.0, 435512760741.0, 710172911210.0, 642745985622.0, 440927955609.0, 642745985622.0, 440927955609.0, 453477243226.0, 641470932581.0, 453477243226.0, 641470932581.0, 367595755782.0, 367594379529.0, 367595788710.0, 367594396009.0, 641433183909.0, 453799941461.0, 641449961125.0, 453816718677.0, 453477308762.0, 641470998117.0, 453477308762.0, 641470998117.0, 454886302998.0, 368672315945.0, 453812577686.0, 366524848745.0, 439853689497.0, 389053323670.0, 439854213785.0, 389053585814.0, 367191759273.0, 389724936598.0, 366789106089.0, 389322283414.0, 452743047076.0, 389053848468.0, 452743046822.0, 389053847958.0, 436319130969.0, 367595788694.0, 436319130969.0, 367595788694.0, 452474873513.0, 641672243798.0, 452474873513.0, 641672243798.0, 436318217685.0, 659972400874.0, 436318086485.0, 659972269674.0, 710155081326.0, 646732687966.0, 710173955690.0, 646768339546.0, 350415854422.0, 350415920038.0, 367595723094.0, 384775658150.0, 367057508769.0, 454085453393.0, 366520670629.0, 453817034325.0, 366588635733.0, 367912987033.0, 366589160021.0, 367913511321.0, 436317103509.0, 646749465178.0, 436318152085.0, 646750513754.0, 300267514521.0, 300271708585.0, 436632726169.0, 367917443497.0, 727352772202.0, 366794328485.0, 727352780394.0, 366794336677.0, 385114089325.0, 385097312174.0, 385114088809.0, 385097311910.0, 453477374298.0, 641471063653.0, 453477243226.0, 641470932581.0, 452893759905.0, 732049860257.0, 452760066473.0, 731915904677.0, 659703899818.0, 435512760661.0, 659703899818.0, 435512760661.0, 350415821598.0, 350485879597.0, 367595707034.0, 367665764709.0, 366520809889.0, 440614237521.0, 366520736169.0, 440614163797.0, 372208216473.0, 710190667366.0, 372208216473.0, 710190667366.0, 458308609876.0, 663482440616.0, 457772000854.0, 663214528938.0, 368986991001.0, 647824255578.0, 366839507353.0, 645676771930.0, 778874558058.0, 800546252389.0, 710173955690.0, 731862427237.0, 641470736981.0, 367912987033.0, 641470999125.0, 367913511321.0, 663130380950.0, 646751562326.0, 663130380950.0, 646751562326.0, 659972400874.0, 436318217685.0, 659972269674.0, 436318152085.0, 641672243798.0, 384775592278.0, 641672243798.0, 384775592278.0, 418332809637.0, 350415755866.0, 452692695461.0, 384775641690.0, 366839507353.0, 435575744853.0, 366839507353.0, 435575744853.0, 452877002401.0, 663348205986.0, 452407502505.0, 663214250410.0, 641471063653.0, 384775723350.0, 641470932581.0, 384775592278.0, 659951364010.0, 731823630181.0, 659989112234.0, 731848795493.0, 731596092769.0, 440612074897.0, 731598181733.0, 440614167961.0, 384775658406.0, 389053848470.0, 384775657894.0, 389053848214.0, 663482424232.0, 458308626260.0, 662945815209.0, 457772279382.0, 367595707226.0, 663197490085.0, 367595706714.0, 663197489573.0, 647001107038.0, 710155081325.0, 647036758614.0, 710172907109.0, 389053323670.0, 439853689497.0, 389053847958.0, 439854213785.0, 384775592278.0, 641672243798.0, 384775592278.0, 641672243798.0, 645950450262.0, 663931493014.0, 645950450262.0, 663931493014.0, 659991995989.0, 659653565014.0, 659991995989.0, 659653565014.0, 658579307348.0, 662945561444.0, 658579822934.0, 662946081382.0, 440612074833.0, 731596092833.0, 440613115221.0, 731597137321.0, 440612001113.0, 641670146646.0, 440614098265.0, 641671195222.0, 435512760741.0, 646750513754.0, 435512760741.0, 646750513754.0, 659972335534.0, 367665765229.0, 659972335274.0, 367665764969.0, 385114023253.0, 452474873513.0, 385114023253.0, 452474873513.0, 384775657902.0, 641672243806.0, 384775657898.0, 641672243802.0, 659955230373.0, 710155802213.0, 659972007589.0, 710172579429.0, 384774683030.0, 714485511769.0, 384774543766.0, 714485376601.0, 643797723738.0, 373281958553.0, 641650240090.0, 371134474905.0, 778874234469.0, 800546511274.0, 641454155365.0, 731845908906.0, 504496503073.0, 800921909538.0, 366520670633.0, 663214512486.0, 350415329622.0, 418114610857.0, 384775592278.0, 435295004329.0, 641368173150.0, 641435281006.0, 641403824726.0, 641453106794.0, 350502653545.0, 418349649317.0, 367648986729.0, 435512780197.0, 937072696228.0, 915346139988.0, 663197489573.0, 367666768470.0, 641470999125.0, 646750513754.0, 641470999125.0, 646750513754.0, 385114023253.0, 452474873513.0, 385114023253.0, 452474873513.0, 663130380950.0, 646751562326.0, 663130380950.0, 646751562326.0, 367912986777.0, 435512498341.0, 367913249177.0, 435513022885.0, 643265047134.0, 368471075438.0, 641654434390.0, 366592027238.0, 453897845078.0, 641537129129.0, 453830601046.0, 641469885097.0, 647555820126.0, 368471071341.0, 645945207386.0, 366860458601.0, 367595706974.0, 646750513758.0, 367595706966.0, 646750513754.0, 366520809889.0, 440614237521.0, 366520740265.0, 440614163801.0]
Minimum support: 0.5
Number of cores: 14
Number of patterns: 2
Number of invalid patterns: 382

0. Date
1. BUDAPEST
2. BARANYA
3. BACS
4. BEKES
5. BORSOD
6. CSONGRAD
7. FEJER
8. GYOR
9. HAJDU
10. HEVES
11. JASZ
12. KOMAROM
13. NOGRAD
14. PEST
15. SOMOGY
16. SZABOLCS
17. TOLNA
18. VAS
19. VESZPREM
20. ZALA

File: data/hungary_chickenpox.csv

Pattern : Support
['1-', '3-', '6-', '7-'] : 0.514
['1+', '3+', '4+', '7+'] : 0.514


Iteration: Best Cost
0: 0.16666666666666666 
1: 0.16666666666666666 
2: 0.16666666666666666 
3: 0.16666666666666666 
4: 0.16666666666666666 
5: 0.16666666666666666 
6: 0.16666666666666666 
7: 0.16666666666666666 
8: 0.16666666666666666 
9: 0.16666666666666666 
10: 0.16666666666666666 
11: 0.16666666666666666 
12: 0.16666666666666666 
13: 0.16666666666666666 
14: 0.16666666666666666 
15: 0.16666666666666666 
16: 0.16666666666666666 
17: 0.030303030303030304 
18: 0.030303030303030304 
19: 0.030303030303030304 
