Run-time: 379.60660099983215 seconds
Total allocated memory size: 286.7 KiB
Algorithm: PSO-GRAANK (v2.0)
Search Space: Numeric
No. of (dataset) attributes: 21
No. of (dataset) tuples: 8074
Particle population: 20
Velocity coeff.: 0.9
Personal coeff.: 0.649
Global coeff.: 0.352
Number of iterations: 20
Number of cost evaluations: 400
Candidates: [4280167529, 1380013940, 3538297343, 1672549729, 3147637609, 527555968, 3452317658, 1185288755, 2005432990, 2148422100, 3763746371, 3540275282, 1232721548, 2319161510, 4021344284, 154531796, 2303637769, 660602407, 3313159494, 135304106, 527555968.9, 1130643441.301906, 3516335546.965475, 1309102383.8613274, 3010127870.354785, 527555969.06739765, 2933059382.4598455, 1018035491.3535856, 1799699414.355662, 2079851004.8123875, 3576202967.665135, 3154423626.4774413, 1169675364.910129, 1857527761.6456566, 3792346102.3866873, 280377085.095682, 1683013098.5085833, 652101661.746485, 2987755846.786131, 153894651.5492274, 153894652.4492274, 918417941.3349283, 2890584500.619126, 1059374637.3882031, 2020367824.8110328, 506381544.8815752, 2594451418.1783543, 726101292.1897123, 1530472144.7284517, 1683478267.122457, 3127995511.978877, 2178940721.8424287, 1118053548.9579246, 1549997590.0689268, 3140847129.7975345, 261012529.8296456, 1269146940.6002076, 538215578.8701053, 2329243346.3649826, 153894652.7620346, 153894653.3492274, 881581457.9619893, 1984731806.8089967, 941972477.0675217, 1752785944.3242567, 431226700.2359572, 2020852547.7201192, 619260688.9483701, 1310580938.2200189, 1550067292.8070545, 2480550270.052465, 1574317111.1354537, 1116529880.3790925, 1335716602.276692, 2933892437.009533, 229562856.0408733, 933947023.6790631, 477898054.39528865, 2167076843.004875, 153894653.7597085, 153894654.2492274, 633941549.9268676, 1541195917.8433404, 721790610.3245251, 1478229186.2234585, 362578633.174664, 1494213577.026572, 496566650.3856776, 909392333.1695614, 1292624751.7897353, 2239996604.4045005, 1541298811.0334902, 855659751.7549331, 1263869374.7500787, 2019566457.468379, 223334989.5033799, 873738136.0718349, 408278712.50882655, 1555477958.9488592, 153894654.75945127, 153894655.1492274, 479203332.93776196, 1150562374.0402403, 709203366.5618324, 1024793181.2731413, 335058751.0203855, 1268837635.326933, 412647796.86634624, 873769060.8410888, 1195899536.0145073, 1761640821.9097714, 1511645912.4463203, 610747163.3902265, 1206759856.3447757, 2001936397.068281, 223026980.83945984, 641291206.7660412, 367895528.50403047, 1496022089.3879366, 153894655.74451217, 153894656.04922742, 387236737.82136977, 806869272.9361417, 705938064.2509363, 920472654.1521691, 271330679.99707866, 878364154.168579, 342506764.88974804, 709270612.4896096, 1056720634.0027964, 1464687444.8836875, 1322578858.8259153, 608480488.9598854, 886132100.3094258, 1862093538.2751827, 218997364.73995993, 588955076.9702506, 306765423.33070785, 1456020739.4480977, 153894656.7147164, 153894656.94922742, 339161189.4224309, 721600221.0264099, 534174329.6455768, 703470437.2028695, 237233479.88487476, 669079071.0882177, 297936116.8092388, 591560499.1626601, 872741360.4677553, 1371445074.8485868, 1029232110.0093777, 546680314.5363652, 648867467.7100823, 1859248256.2470503, 201902154.2309716, 452383305.4736165, 296526224.3310477, 1446553773.4252038, 153894657.67866677, 153894657.84922743, 291844903.57900584, 620678576.937134, 410869457.236494, 672802086.0164089, 234859174.07823676, 528541280.1468593, 272176207.1249195, 548677732.5845485, 741383645.6518955, 1077731909.6344144, 764311366.4047403, 499451802.27861553, 489056892.9083991, 1813874430.8075666, 191340281.12233692, 399629558.64313513, 258886618.95052078, 1336657899.4689305, 153894658.59313947, 153894658.74922743, 289812968.3161772, 563959534.4583133, 336470841.2186566, 642449741.1852404, 232579858.58655113, 466534261.7998712, 266273551.08220422, 457444430.76441693, 632380827.4385766, 996099771.4988072, 567717422.8527285, 497796339.3482514, 444995361.72308135, 1613277331.516139, 191197940.35361543, 363154794.5210702, 233215494.29220733, 1315557131.0098403, 153894659.53281116, 153894659.64922744, 244709682.1736021, 444355091.6888057, 273251952.6456095, 579810867.4056628, 230765507.5289221, 398793830.3395973, 251681652.31585035, 442592680.93123573, 529897642.38229823, 847222371.4847795, 547964269.000836, 453676889.17899877, 370416505.73963094, 1423028006.8941991, 179458400.30494142, 308036197.12998927, 229666203.38680303, 1235992479.7653503, 153894660.47168308, 273251953.5456095, 252620252.58661118, 421344796.2629459, 273251953.8214302, 494154500.113978, 242439889.567203, 367707179.37468725, 252561920.53051138, 414345791.060185, 499878156.95730954, 790018132.618103, 504624328.5306068, 435647825.87251896, 345680706.51801246, 1295415204.6059742, 207357927.2535027, 303434105.0090916, 235702345.12691626, 1128474835.6858723, 156854368.03734088, 435647826.77251893, 299459702.5826857, 422630379.9903075, 279700658.74866515, 478863172.07388043, 300948512.14171726, 389674383.089158, 285400698.39715964, 414514882.44721586, 496487430.45382047, 695898845.5773176, 490686148.8371557, 435647827.06827337, 376042686.7064201, 1135967158.5858278, 217714064.34377697, 339505569.18067867, 245755515.4744796, 984649633.8296728, 185488564.5020463, 435647827.6725189, 324525648.243436, 423099626.9823132, 307244634.0057027, 477522760.8616317, 328142492.5328096, 396990556.7181166, 323295256.5890621, 421115551.49944216, 475600888.3401038, 657239875.3513134, 474509990.57706374, 435647828.02348185, 394228528.5859126, 964399752.803817, 291291161.24225634, 343986078.97446316, 275329956.25639856, 906145460.8385863, 255232271.96737003, 323295257.4890621, 324275899.48936397, 404244673.4078625, 309688903.8253961, 429309265.99100953, 327814645.9676259, 380586771.1012851, 323295257.6232931, 407134484.6121915, 455056452.96273977, 566441015.1889092, 469608929.2236191, 433542630.7431001, 387586940.93650657, 773495182.006427, 295430425.05878496, 339638298.39536846, 289545541.93444306, 774824750.4036018, 276147333.9567989, 407134485.5121915, 334567044.238172, 404852618.9240484, 323970001.71999264, 422368525.6160916, 337222758.20848477, 389721979.16331, 336640916.08870393, 407134485.56286746, 445723445.09458643, 543152536.1825821, 457140418.52830726, 432569824.9890735, 387724646.3892094, 652866049.6157417, 318616726.64710164, 358629177.5214121, 307276822.27916646, 668215174.1407127, 280948293.1298419, 432569825.8890735, 336771223.27528256, 409222376.3787754, 345628379.20477474, 424853371.7339963, 351643976.4205392, 398045371.28813297, 364779311.24498063, 408090259.18130755, 442024109.45650434, 512449829.84342885, 454808510.3592111, 432569826.15914065, 397236811.3007129, 586040514.1949279, 329886910.1612807, 369753771.50403905, 343718372.4251008, 613322112.4837466, 291822592.7390151, 432569827.0591406, 362762622.7401486, 409820771.4317, 347160168.22527283, 425892410.35575926, 365784849.60928094, 407751039.13739896, 374999599.7446872, 414240655.98138493, 439766666.7779997, 502339529.29499656, 448989912.6737462, 432569827.1819924, 402928936.4912268, 544176043.497869, 358410250.2181861, 374406009.86678314, 348992806.2888524, 564433913.7685392, 309541226.7391553, 362762623.6401486, 362762623.84248155, 400759303.5960159, 348577678.13476485, 417623815.9702207, 365461486.3379931, 395689080.03032386, 370962644.69890743, 405500355.3738916, 437703447.3115188, 496744132.4476871, 427187543.62161076, 421478663.2867149, 396438255.6681639, 529031679.4178723, 358767738.61647123, 374349182.37214184, 351771133.91235024, 548503886.372069, 312608580.155775, 421478664.1867149, 378705863.9828707, 406459732.67962784, 354972106.55393565, 418923554.78493744, 382294705.91330445, 403228732.0197496, 385276258.94657505, 407204324.8493335, 434776087.336635, 473255903.089049, 425276031.07032883, 421478664.20682317, 399445532.6773039, 515053739.2683666, 379859660.518002, 389115757.69872004, 354145007.6165591, 526818288.65716267, 316296172.28242224]
Minimum support: 0.5
Number of cores: 14
Number of patterns: 3
Number of invalid patterns: 161

0. date_time
1. id_site
2. Tpic
3. Dir
4. Etal
5. Tz
6. Hm0
7. Ts1
8. Ts2
9. Tc
10. Tav
11. Tint
12. Tp
13. EPS2
14. EPS4
15. Qp
16. S2
17. Tref
18. Tw
19. Batt
20. timestamp

File: data/directio8k.csv

Pattern : Support
['2+', '4+'] : 0.519
['2+', '3-', '5+', '10+', '11+', '14+'] : 0.509
['2+', '3-', '5+', '7+', '8+', '10+', '14+'] : 0.515


Iteration: Best Cost
0: 1.0188466248667858e-06 
1: 3.488348566951525e-07 
2: 1.4585570699105364e-07 
3: 1.4585570699105364e-07 
4: 1.4585570699105364e-07 
5: 1.4585570699105364e-07 
6: 1.0359339592101004e-07 
7: 1.0359339592101004e-07 
8: 1.0359339592101004e-07 
9: 1.0359339592101004e-07 
10: 1.0359339592101004e-07 
11: 1.0359339592101004e-07 
12: 1.0359339592101004e-07 
13: 1.0035089698147512e-07 
14: 1.0035089698147512e-07 
15: 1.0035089698147512e-07 
16: 1.0035089698147512e-07 
17: 1.0035089698147512e-07 
18: 1.0035089698147512e-07 
19: 1.0035089698147512e-07 
