Run-time: 0.28125691413879395 seconds
Total allocated memory size: 256.9 KiB
Algorithm: GA-GRAANK (v2.0)
Search Space: Numeric
No. of (dataset) attributes: 10
No. of (dataset) tuples: 116
Population size: 8
PC: 0.776
Gamma: 0.746
Mu: 0.842
Sigma: 0.681
Number of iterations: 20
Number of cost evaluations: 240
Candidates: [152130, 167963, 262143, 177633, 162753, 93362, 262143, 93622, 10018, 77052, 18, 70552, 90281, 73892, 2211, 38922, 201345, 193884, 13455, 262143, 239690, 116074, 262143, 160044, 90324, 71930, 244, 19300, 5628, 10037, 6288, 377, 237190, 38407, 262143, 34077, 2094, 493, 944, 933, 4571, 3927, 5571, 3977, 13021, 6721, 33211, 6211, 769, 551, 699, 511, 928, 259, 288, 299, 420, 541, 200, 411, 1598, 812, 5998, 122, 330, 334, 300, 334, 82, 135, 22, 155, 126, 91, 266, 91, 220, 356, 200, 566, 2090, 320, 900, 300, 1013, 1485, 133, 4885, 207, 280, 277, 800, 1403, 829, 4033, 899, 309, 611, 99, 111, 616, 383, 166, 883, 428, 488, 288, 888, 580, 507, 800, 77, 444, 643, 444, 433, 279, 285, 799, 855, 200, 200, 0, 0, 108, 201, 188, 11, 220, 601, 200, 611, 609, 390, 99, 900, 191, 26, 911, 66, 368, 631, 388, 311, 332, 667, 322, 677, 253, 746, 233, 466, 127, 90, 127, 0, 752, 247, 522, 277, 200, 200, 0, 0, 222, 365, 222, 655, 378, 209, 788, 299, 421, 766, 211, 666, 246, 571, 266, 511, 800, 800, 0, 0, 200, 200, 0, 0, 260, 227, 600, 227, 423, 664, 433, 644, 247, 340, 477, 400, 276, 311, 766, 111, 650, 549, 500, 499, 38, 179, 88, 799, 540, 277, 440, 277, 200, 200, 0, 200, 654, 345, 544, 445, 266, 321, 0, 211, 200, 799, 0, 999, 382, 217, 822, 177, 200, 200, 0, 0]
Minimum support: 0.5
Number of cores: 14
Number of patterns: 1
Number of invalid patterns: 22

0. Age
1. BMI
2. Glucose
3. Insulin
4. HOMA
5. Leptin
6. Adiponectin
7. Resistin
8. MCP.1
9. Classification

File: data/breast_cancer.csv

Pattern : Support
['0+', '2+'] : 0.544


Iteration: Best Cost
0: 0.00030395136778115504 
1: 0.00030395136778115504 
2: 0.00030395136778115504 
3: 0.00030395136778115504 
4: 0.0002756339581036384 
5: 0.0002756339581036384 
6: 0.0002756339581036384 
7: 0.0002756339581036384 
8: 0.0002756339581036384 
9: 0.0002756339581036384 
10: 0.0002756339581036384 
11: 0.0002756339581036384 
12: 0.0002756339581036384 
13: 0.0002756339581036384 
14: 0.0002756339581036384 
15: 0.0002756339581036384 
16: 0.0002756339581036384 
17: 0.0002756339581036384 
18: 0.0002756339581036384 
19: 0.0002756339581036384 
