Run-time: 0.7761459350585938 seconds
Total allocated memory size: 260.6 KiB
Algorithm: GA-GRAANK (v2.0)
Search Space: Numeric
No. of (dataset) attributes: 11
No. of (dataset) tuples: 589
Population size: 8
PC: 0.776
Gamma: 0.746
Mu: 0.842
Sigma: 0.681
Number of iterations: 20
Number of cost evaluations: 240
Candidates: [382079, 3864236, 820799, 4194303, 2937711, 1996799, 2377111, 4194303, 912285, 1189206, 112855, 1892266, 3980604, 2460312, 4194303, 4194303, 3457362, 3114051, 4194303, 1140551, 1933644, 2335732, 4194303, 3337722, 2490001, 2525100, 4194303, 4194303, 1672799, 3662054, 4194303, 4194303, 4194303, 4194303, 1944333, 1943003, 4194303, 4194303, 1943303, 1943033, 2312143, 3022710, 3121433, 222110, 3094075, 2240778, 990755, 2407778, 3809414, 1525439, 4194303, 4194303, 4194303, 4194303, 1943033, 1993033, 4194303, 4194303, 1943033, 1143033, 4194303, 4194303, 1943033, 1943033, 4194303, 4194303, 1943033, 1943003, 3148594, 2186259, 1445944, 1862559, 4194303, 4194303, 4194303, 1944033, 4194303, 4194303, 1943033, 4143033, 4194303, 4194303, 1943033, 1943033, 4194303, 4194303, 1943303, 1944033, 4194303, 4194303, 4194303, 1143033, 4194303, 4194303, 1943033, 4143333, 2258461, 3381785, 2554661, 3887755, 1383345, 3951508, 3883445, 3515508, 4194303, 4194303, 1993033, 1943033, 4194303, 4194303, 1943333, 1144033, 2544440, 3095806, 4194303, 958066, 3140819, 2194034, 3408119, 1940344, 3095944, 2544302, 959444, 4194303, 4194303, 4194303, 4194303, 1943033, 4194303, 4194303, 4194303, 1943333, 4194303, 4194303, 1943033, 1943033, 4194303, 4194303, 1943033, 4143033, 1230113, 4104740, 2301133, 1047400, 1570185, 1510709, 4194303, 4194303, 4194303, 4194303, 4194303, 1943033, 1159533, 1426961, 1595333, 4194303, 4191934, 1597701, 1919344, 4194303, 1306315, 1280179, 3063155, 2801799, 1375121, 1360762, 3751211, 3607622, 1340819, 1245675, 3408199, 1456755, 3976456, 1358397, 4194303, 1583377, 1965139, 3369714, 4194303, 3699114, 1197346, 1389148, 1973466, 3891488, 1972328, 1970021, 4194303, 1700211, 1351318, 1235176, 3553188, 2331766, 2216210, 1726139, 2162110, 4194303, 2553407, 3581239, 4194303, 4194303, 2533862, 3600784, 4194303, 3007844, 2241040, 2501102, 2411400, 4194303, 1972147, 3668099, 4194303, 4194303, 1494676, 1229251, 1946766, 2292511, 3942776, 2191870, 4194303, 1918700, 1595080, 1583629, 4194303, 4194303, 1546107, 1495169, 4194303, 1951199, 1793201, 1741374, 4194303, 4194303, 2639163, 2574035, 4194303, 4194303, 1946934, 1944608, 4194303, 4194303]
Minimum support: 0.5
Number of cores: 14
Number of patterns: 2
Number of invalid patterns: 0

0. Age
1. ALB
2. ALP
3. ALT
4. AST
5. BIL
6. CHE
7. CHOL
8. CREA
9. GGT
10. PROT

File: data/hcv_data.csv

Pattern : Support
['0+', '2+'] : 0.546
['0+', '9+'] : 0.517


Iteration: Best Cost
0: 0.00016246953696181965 
1: 0.00016246953696181965 
2: 0.00015320974413972729 
3: 0.00015320974413972729 
4: 0.00015320974413972729 
5: 6.83293474547318e-05 
6: 6.83293474547318e-05 
7: 6.83293474547318e-05 
8: 6.83293474547318e-05 
9: 6.83293474547318e-05 
10: 6.83293474547318e-05 
11: 6.83293474547318e-05 
12: 6.83293474547318e-05 
13: 4.5421511627906976e-05 
14: 4.5421511627906976e-05 
15: 4.5421511627906976e-05 
16: 4.5421511627906976e-05 
17: 4.5421511627906976e-05 
18: 4.5421511627906976e-05 
19: 4.5421511627906976e-05 
