Run-time: 2.0815563201904297 seconds
Total allocated memory size: 287.2 KiB
Algorithm: GA-GRAANK (v1.0)
Search Space: Bitmap
No. of (dataset) attributes: 21
No. of (dataset) tuples: 522
Population size: 12
PC: 0.913
Gamma: 0.529
Mu: 0.856
Sigma: 0.209
Number of iterations: 20
Number of cost evaluations: 400
Candidates: [113173748129.0, 165718878817.0, 388051130793.0, 715474430569.0, 92721800407.0, 114241923287.0, 367599707797.0, 663997737558.0, 109280351141.0, 113575318373.0, 658901669285.0, 662927923813.0, 114241661330.0, 182109760146.0, 389119568278.0, 731865574038.0, 658848262613.0, 389056910825.0, 658848262549.0, 389056910761.0, 362481817253.0, 431202343257.0, 366776784549.0, 439792277849.0, 114459783781.0, 109901607254.0, 664215594597.0, 384779511126.0, 387998831033.0, 659974038134.0, 388001061289.0, 659976202854.0, 453811475814.0, 387998984857.0, 453812524390.0, 388000033433.0, 199419925651.0, 131492833379.0, 456983746202.0, 646754691685.0, 70491148969.0, 71242768726.0, 384023762601.0, 642473420118.0, 436386559466.0, 663142906581.0, 436386555242.0, 663142898325.0, 667960109781.0, 461864539626.0, 663935674965.0, 457839056298.0, 659116698001.0, 389660911202.0, 658848262549.0, 389124040298.0, 110237231222.0, 164640675001.0, 385115138406.0, 714396489113.0, 183158810213.0, 114237991318.0, 732922750565.0, 389123762582.0, 113923166441.0, 92436586710.0, 664215853481.0, 367582931606.0, 186338147222.0, 187390867301.0, 452692961942.0, 728690435685.0, 114242185430.0, 114179265769.0, 389119568214.0, 389056910953.0, 642473415061.0, 388318732906.0, 642473417109.0, 388318734954.0, 435493115993.0, 663934624933.0, 435493116505.0, 663934625445.0, 435562390181.0, 389055861161.0, 435563440805.0, 389057960361.0, 182126804626.0, 182193667426.0, 456987925146.0, 457054786918.0, 659116698001.0, 389660911202.0, 658848262549.0, 389392475750.0, 457856883112.0, 663129515620.0, 457856883114.0, 663129515622.0, 389055861161.0, 435562390181.0, 389056910761.0, 435564488357.0, 182961399913.0, 92990248021.0, 732717214313.0, 642746062165.0, 727500634514.0, 727503780242.0, 727567739290.0, 727637989782.0, 109900558694.0, 114460832341.0, 659656370534.0, 664216644181.0, 462150801768.0, 462402458980.0, 457855834474.0, 458107491686.0, 658848262612.0, 457855834600.0, 658848262486.0, 457855834538.0, 388001081938.0, 727620883858.0, 388001081946.0, 727620883862.0, 728842803554.0, 663331690913.0, 728708585834.0, 663130364329.0, 440866019417.0, 440592328793.0, 440866019673.0, 440592329305.0, 108893925734.0, 114460832341.0, 383771829606.0, 664216640085.0, 370334673312.0, 726829537632.0, 371945286058.0, 727366408554.0, 199134696595.0, 200212310115.0, 731643532697.0, 440663370342.0, 389392474726.0, 367599706518.0, 389392475750.0, 367599707542.0, 371945286562.0, 727620884370.0, 371945286314.0, 727620884122.0, 462370270822.0, 735975939481.0, 453763556966.0, 727352449433.0, 595278260674.0, 590934092225.0, 732717214118.0, 659653568869.0, 457856095722.0, 658835401429.0, 457856095658.0, 658835401301.0, 177731377042.0, 113306917793.0, 452676130454.0, 663129578153.0, 727366408682.0, 389325088469.0, 727366408554.0, 389325088341.0, 388518945378.0, 388586050209.0, 387983190630.0, 388319845033.0, 182445275494.0, 182357522021.0, 731932612966.0, 456698521189.0, 728305940834.0, 727486674322.0, 728373041514.0, 727620883862.0, 432271891033.0, 654339103145.0, 436566858329.0, 662929037737.0, 436575246425.0, 731668440230.0, 436571052377.0, 731660051878.0, 389728020082.0, 457390336370.0, 389392475734.0, 456786356586.0, 453830351336.0, 728440150504.0, 453830351210.0, 728440150442.0, 660257548642.0, 388537952850.0, 659989113194.0, 388269517402.0, 389119830166.0, 435497310297.0, 389119830422.0, 435497310809.0, 118474232233.0, 187457970789.0, 389056649641.0, 453745420901.0, 114179265769.0, 114242185430.0, 663934817897.0, 389119830678.0, 387998984794.0, 453811475818.0, 388001081946.0, 453812524394.0, 117484376490.0, 187459084885.0, 658649732522.0, 728624441941.0, 436566858073.0, 453830351210.0, 436566858073.0, 453830351210.0, 461366467994.0, 462436015530.0, 452759754138.0, 453829302698.0, 439795488857.0, 439796471897.0, 439791295065.0, 439788083801.0, 453830351210.0, 453830351210.0, 453830351210.0, 453830351210.0, 457050593642.0, 453830351210.0, 457050593642.0, 453830351210.0, 727620883866.0, 453830351210.0, 727620883866.0, 453830351210.0, 457854785961.0, 389391427174.0, 457856883113.0, 389392475750.0, 453834549606.0, 714396554905.0, 453834549606.0, 714396554905.0, 453830351210.0, 453813572970.0, 453830351210.0, 453813572970.0, 457855834537.0, 453830351210.0, 457855834537.0, 453830351210.0, 187390867301.0, 186338147222.0, 458040386917.0, 452759808662.0, 453830351210.0, 453830351210.0, 453830351210.0, 453830351210.0, 664216640085.0, 453830351210.0, 664216640085.0, 453830351210.0, 453830351210.0, 453830351210.0, 453830351210.0, 453830351210.0, 453830351210.0, 453830351210.0, 453830351210.0, 453830351210.0, 453830351210.0, 453830351210.0, 453830351210.0, 453830351210.0, 453830351210.0, 453830351210.0, 453830351210.0, 453830351210.0, 453830351210.0, 453830351210.0, 453830351210.0, 453830351210.0, 453830351210.0, 453830351210.0, 453830351210.0, 453830351210.0, 453830351210.0, 453830351210.0, 453830351210.0, 453830351210.0, 453830351210.0, 453830351210.0, 453830351210.0, 453830351210.0, 453830351210.0, 453830351210.0, 453830351210.0, 453830351210.0, 453830351210.0, 453830351210.0, 453830351210.0, 453830351210.0, 453830351210.0, 453830351210.0, 453830351210.0, 453830351210.0, 453830351210.0, 453830351210.0, 453830351210.0, 453830351210.0, 453830351210.0, 453830351210.0, 453830351210.0, 453830351210.0, 453830351210.0, 453830351210.0, 453830351210.0, 453830351210.0, 453830351210.0, 453830351210.0, 453830351210.0, 453830351210.0, 453830351210.0, 453830351210.0, 453830351210.0, 453830351210.0, 453830351210.0, 453830351210.0, 453830351210.0, 453830351210.0, 453830351210.0, 453830351210.0, 453830351210.0, 453830351210.0, 453830351210.0, 453830351210.0, 453830351210.0, 453830351210.0, 453830351210.0, 453830351210.0, 453830351210.0, 453830351210.0, 453830351210.0, 453830351210.0, 453830351210.0, 453830351210.0, 453830351210.0, 453830351210.0, 453830351210.0, 453830351210.0, 453830351210.0, 453830351210.0, 453830351210.0, 453830351210.0, 453830351210.0, 453830351210.0, 453830351210.0, 453830351210.0, 453830351210.0, 453830351210.0, 453830351210.0, 453830351210.0, 453830351210.0, 453830351210.0, 453830351210.0, 453830351210.0, 453830351210.0, 453830351210.0, 453830351210.0, 453830351210.0, 453830351210.0, 453830351210.0, 453830351210.0, 453830351210.0, 453830351210.0, 453830351210.0, 453830351210.0, 453830351210.0, 453830351210.0, 453830351210.0, 453830351210.0, 453830351210.0]
Minimum support: 0.5
Number of cores: 14
Number of patterns: 1
Number of invalid patterns: 239

0. Date
1. BUDAPEST
2. BARANYA
3. BACS
4. BEKES
5. BORSOD
6. CSONGRAD
7. FEJER
8. GYOR
9. HAJDU
10. HEVES
11. JASZ
12. KOMAROM
13. NOGRAD
14. PEST
15. SOMOGY
16. SZABOLCS
17. TOLNA
18. VAS
19. VESZPREM
20. ZALA

File: data/hungary_chickenpox.csv

Pattern : Support
['1-', '2-', '17-'] : 0.606


Iteration: Best Cost
0: 0.013157894736842105 
1: 0.013157894736842105 
2: 0.013157894736842105 
3: 0.013157894736842105 
4: 0.013157894736842105 
5: 0.013157894736842105 
6: 0.013157894736842105 
7: 0.013157894736842105 
8: 0.013157894736842105 
9: 0.013157894736842105 
10: 0.013157894736842105 
11: 0.013157894736842105 
12: 0.013157894736842105 
13: 0.013157894736842105 
14: 0.013157894736842105 
15: 0.013157894736842105 
16: 0.013157894736842105 
17: 0.013157894736842105 
18: 0.013157894736842105 
19: 0.013157894736842105 
