Run-time: 0.28254008293151855 seconds
Total allocated memory size: 259.0 KiB
Algorithm: GA-GRAANK (v1.0)
Search Space: Bitmap
No. of (dataset) attributes: 10
No. of (dataset) tuples: 116
Population size: 8
PC: 0.5
Gamma: 746
Mu: 0.842
Sigma: 0.681
Number of iterations: 20
Number of cost evaluations: 160
Candidates: [91737.0, 153958.0, 91737.0, 153958.0, 154982.0, 110169.0, 152934.0, 108121.0, 108965.0, 91737.0, 108965.0, 91737.0, 91754.0, 108949.0, 91754.0, 108949.0, 152934.0, 109209.0, 152934.0, 109209.0, 108137.0, 92565.0, 108137.0, 92565.0, 91754.0, 91737.0, 91754.0, 91737.0, 152934.0, 91754.0, 152934.0, 91754.0, 91737.0, 152934.0, 91737.0, 152934.0, 152934.0, 152934.0, 152934.0, 152934.0, 109209.0, 152934.0, 109209.0, 152934.0, 109209.0, 152934.0, 109209.0, 152934.0, 152934.0, 109209.0, 152934.0, 109209.0, 152934.0, 152934.0, 152934.0, 152934.0, 152934.0, 109209.0, 152934.0, 109209.0, 152934.0, 109209.0, 152934.0, 109209.0, 152934.0, 152934.0, 152934.0, 152934.0, 109209.0, 109209.0, 109209.0, 109209.0, 109209.0, 152934.0, 109209.0, 152934.0, 152934.0, 152934.0, 152934.0, 152934.0, 152934.0, 109209.0, 152934.0, 109209.0, 109209.0, 109209.0, 109209.0, 109209.0, 152934.0, 152934.0, 152934.0, 152934.0, 152934.0, 152934.0, 152934.0, 152934.0, 152934.0, 152934.0, 152934.0, 152934.0, 109209.0, 152934.0, 109209.0, 152934.0, 152934.0, 109209.0, 152934.0, 109209.0, 152934.0, 152934.0, 152934.0, 152934.0, 152934.0, 109209.0, 152934.0, 109209.0, 152934.0, 152934.0, 152934.0, 152934.0, 152934.0, 152934.0, 152934.0, 152934.0, 109209.0, 152934.0, 109209.0, 152934.0, 152934.0, 109209.0, 152934.0, 109209.0, 152934.0, 109209.0, 152934.0, 109209.0, 152934.0, 152934.0, 152934.0, 152934.0, 109209.0, 152934.0, 109209.0, 152934.0, 152934.0, 152934.0, 152934.0, 152934.0, 109209.0, 152934.0, 109209.0, 152934.0, 109209.0, 152934.0, 109209.0, 152934.0, 109209.0, 152934.0, 109209.0, 152934.0]
Minimum support: 0.5
Number of cores: 14
Number of patterns: 1
Number of invalid patterns: 9

0. Age
1. BMI
2. Glucose
3. Insulin
4. HOMA
5. Leptin
6. Adiponectin
7. Resistin
8. MCP.1
9. Classification

File: data/breast_cancer.csv

Pattern : Support
['1-', '3-'] : 0.612


Iteration: Best Cost
0: 0.0011614401858304297 
1: 0.0011614401858304297 
2: 0.0011614401858304297 
3: 0.0011614401858304297 
4: 0.0011614401858304297 
5: 0.0011614401858304297 
6: 0.0011614401858304297 
7: 0.0011614401858304297 
8: 0.0011614401858304297 
9: 0.0011614401858304297 
10: 0.0011614401858304297 
11: 0.0011614401858304297 
12: 0.0011614401858304297 
13: 0.0011614401858304297 
14: 0.0011614401858304297 
15: 0.0011614401858304297 
16: 0.0011614401858304297 
17: 0.0011614401858304297 
18: 0.0011614401858304297 
19: 0.0011614401858304297 
