Run-time: 0.4970207214355469 seconds
Total allocated memory size: 261.8 KiB
Algorithm: PSO-GRAANK (v2.0)
Search Space: Numeric
No. of (dataset) attributes: 10
No. of (dataset) tuples: 116
Particle population: 19
Velocity coeff.: 0.628
Personal coeff.: 0.14
Global coeff.: 0.431
Number of iterations: 20
Number of cost evaluations: 380
Candidates: [132831, 234740, 192685, 135868, 180517, 81126, 120534, 241204, 135294, 21337, 224327, 126057, 106886, 110987, 21317, 67906, 185964, 28309, 83527, 83527.628, 225241.09908704687, 146825.83714743293, 121858.06977221878, 155391.5857316918, 81252.10659751581, 109936.65073169954, 208154.1784630075, 125512.98962859155, 36789.049415247966, 179366.1215422952, 120651.04801662413, 101636.24210688882, 106741.66208777617, 37744.976878459755, 71295.96312541772, 155415.87392921266, 43461.48449973872, 83527.648454255, 83528.256, 202724.20925285155, 143378.87714444997, 111269.22294557281, 150955.77805196276, 82069.78566132076, 99265.63411240462, 166785.02012529856, 119814.10395616661, 49365.58837824435, 144750.32804677845, 118907.46093175761, 100944.7831176767, 104613.01111783012, 54173.18142832465, 75809.4080471696, 126186.36372575613, 51727.00553765304, 83528.45310187705, 143379.50514444997, 197752.4418742155, 143379.52665544135, 117720.99725124429, 150664.5248017061, 87921.16828131914, 105561.51732928542, 162319.1261045992, 123503.7863527817, 73635.87437747404, 144336.83530186795, 121961.96973082463, 116014.48887779305, 116762.1244843115, 82350.42572373373, 77090.2285891063, 130064.25709124103, 66362.20292806525, 96434.98600795472, 143380.13314444997, 187490.38536005554, 143380.27670859775, 120672.36956487522, 148505.06166266726, 103136.56725113912, 115184.01309452706, 161277.640686262, 130185.50330198421, 84477.3534252964, 144011.7496580872, 124764.97918778824, 126333.01403959324, 121734.74804164944, 100896.3371551484, 86311.96888027726, 135775.34550318244, 74465.02665350937, 98432.97016758157, 98433.59816758157, 153467.13170732438, 141769.87712537186, 118207.19404625284, 139445.5852313822, 102331.07451660205, 112249.47434111661, 143994.86013502875, 122985.55469151876, 86741.11817846044, 127507.60614153539, 123366.94412887727, 118628.09466782464, 119348.18934786861, 99929.5703696918, 88018.04413438492, 129814.02209821423, 80100.510668686, 98433.80424314717, 98434.22616758157, 131197.35707593412, 131398.668165345, 112470.96126085221, 130699.0498775515, 101009.14782951154, 110311.5455332151, 125822.2481840277, 113813.91836356992, 88856.7334049087, 121858.76629568062, 122907.09013819367, 114273.61308221177, 116117.85148683551, 99742.02281488501, 88084.37902732319, 123065.36653467413, 87205.26178298162, 98434.60228881119, 98434.85416758156, 126301.33847605347, 118821.97550235534, 108241.32593701474, 117797.20580792555, 100857.03838214952, 106789.69918800304, 125547.53774288892, 109274.0652962488, 91640.52115521645, 112115.55223999343, 116838.50157685594, 113454.48963647606, 113643.10303109184, 99301.16872080568, 88483.58034014246, 117242.54337937234, 91922.78885557987, 98435.29019610053, 98435.48216758156, 114855.94821686344, 112590.70944090704, 104533.9781811658, 114397.1041962202, 100032.79889784766, 104418.09641249414, 121183.42818719328, 108875.672508406, 92782.79597133161, 111857.58150017621, 115542.6340268165, 110186.65090706002, 112543.68451931901, 99081.19544282465, 88551.05887563922, 113240.70883380821, 92486.42056396717, 98435.96238342524, 104418.72441249414, 111074.22465798877, 109518.8935329343, 104496.16744092823, 111000.78478867243, 101428.94328130606, 104418.95599041782, 120900.74799303968, 106972.27861158649, 97669.49470434597, 111263.45320190465, 111285.77682854893, 108787.25558513498, 109252.10345327125, 100343.59148586002, 94183.6866775991, 110157.46694884966, 93161.92398018105, 99373.99563375533, 120901.37599303968, 113661.03356246413, 109683.03468252628, 104865.88791432025, 113044.95081230786, 105710.67095178629, 109473.66981266787, 120901.39942679135, 111068.39172838285, 101155.77698212805, 112862.92852363137, 115094.64780456627, 109054.70282401728, 111450.48860951666, 101392.36449725975, 100392.9183946644, 113727.12766742142, 103065.7354013311, 106933.7858297912, 100393.5463946644, 109971.34583762563, 107932.3669012771, 104668.3668439399, 108429.21074169998, 103452.38256548821, 106634.23113231813, 112922.4175248805, 108713.3467763073, 100862.52722758891, 111788.35646986189, 109089.7746962896, 107734.24679238767, 108520.55375601517, 101252.86754849994, 100393.64174984193, 111546.37307164574, 101968.40357820594, 106919.94190312109, 106634.85913231813, 109795.49908642766, 107391.29929612466, 105096.41889527772, 108009.54771741801, 103937.44938315646, 106635.02761714929, 112849.34650061239, 108548.62632543137, 102329.4809952709, 110332.92874279727, 108213.76659247695, 107659.4577250602, 108374.59094593985, 102710.61148660819, 102764.7926908891, 110434.27563184008, 103342.63290914871, 106889.0557847175, 103938.07738315646, 108357.5982683649, 106690.79032896433, 104772.97236112674, 107052.16647115235, 103938.08974974991, 105475.895063043, 112665.25851413856, 107029.39177630378, 103009.20889362654, 110314.05972479012, 106390.47363443435, 106063.8084196265, 107306.97670169015, 102996.07061626526, 102808.0971369276, 108339.63695834624, 103527.75755266612, 106033.89225918378, 102808.72513692759, 106073.04377033612, 106313.51533565021, 103993.73016602332, 105607.68545122961, 103471.2217313676, 104501.74351293557, 112340.58801376048, 105246.87822095919, 102984.4753602707, 110098.91814247837, 105022.65256257013, 106031.09265418374, 107065.85028955934, 102921.97436554464, 102808.86681171673, 107224.83359055647, 103237.46874334512, 104711.16193354213, 102809.35313692759, 105087.05898511103, 105984.3798678057, 103983.12369569363, 105403.1414921329, 103243.12307449033, 104477.55785912469, 109325.64787117165, 105015.10557504022, 102967.93594848106, 109536.33538060077, 104235.58758044225, 105716.98720870333, 106897.53209284926, 102890.79282207857, 102809.65989152117, 106039.62363444158, 103177.00552434156, 104504.37143067745, 105985.0078678057, 105415.90525668919, 105985.03665197904, 104301.35476597935, 105570.92635928506, 103649.56201343916, 104675.02984996722, 108078.345847873, 105239.4127885442, 104246.2241128751, 108789.96519014296, 104650.49101169032, 105772.76686183679, 106611.5531415813, 104071.04177895727, 103556.06569270634, 106025.35450316046, 104255.40004494556, 105119.80266675017, 105985.6358678057, 105605.50111150692, 105985.70472131805, 104489.98816032408, 105717.06152603023, 103680.9532641575, 104964.59122961659, 107225.90757120086, 105555.25467340529, 104779.34595418443, 108526.87259696703, 104806.5070593774, 105829.39719455093, 106461.35974140425, 104595.5958622288, 103612.91931169637, 106013.83871456285, 104488.41836197715, 105468.92852190604, 103681.5812641575, 105332.7871619605, 105390.08920159041, 104152.99752878143, 105002.3256522077, 103681.84323479573, 104759.68149002721, 106238.24878761519, 104954.22977000974, 104521.08888949841, 107782.89756306386, 104687.28322339922, 105167.56723178105, 106354.58166858411, 104262.22107869462, 103628.02463464066, 105211.9380376212, 104437.23214993466, 105376.6308256788, 103682.2092641575, 104870.72209851028, 104900.89685920082, 104136.54104238821, 104850.05017407052, 103682.49204882968, 104575.05210153315, 106164.04610334767, 104580.41135157355, 104201.6427501889, 106862.2760579627, 104515.92487235337, 104660.82322251674, 105910.71382829094, 104056.72377362852, 103639.89256504612, 104771.18122091705, 104179.0025483765, 104927.14080763617]
Minimum support: 0.5
Number of cores: 14
Number of patterns: 2
Number of invalid patterns: 47

0. Age
1. BMI
2. Glucose
3. Insulin
4. HOMA
5. Leptin
6. Adiponectin
7. Resistin
8. MCP.1
9. Classification

File: data/breast_cancer.csv

Pattern : Support
['0+', '5+'] : 0.509
['0+', '2+'] : 0.544


Iteration: Best Cost
0: 0.0015698587127158557 
1: 0.0015698587127158557 
2: 0.0008992805755395684 
3: 0.0008992805755395684 
4: 0.0003160556257901391 
5: 0.0003160556257901391 
6: 0.0003160556257901391 
7: 0.0003160556257901391 
8: 0.0003160556257901391 
9: 0.0003160556257901391 
10: 0.0003160556257901391 
11: 0.0003160556257901391 
12: 0.0003160556257901391 
13: 0.0003160556257901391 
14: 0.0003160556257901391 
15: 0.0003160556257901391 
16: 0.0003160556257901391 
17: 0.0003160556257901391 
18: 0.0003160556257901391 
19: 0.0003160556257901391 
