Run-time: 321.5657913684845 seconds
Total allocated memory size: 283.7 KiB
Algorithm: GA-GRAANK (v1.0)
Search Space: Bitmap
No. of (dataset) attributes: 21
No. of (dataset) tuples: 8074
Population size: 8
PC: 0.776
Gamma: 0.746
Mu: 0.842
Sigma: 0.681
Number of iterations: 20
Number of cost evaluations: 240
Candidates: [2795858390.0, 2527697382.0, 2795858262.0, 2527697254.0, 381262566.0, 645223894.0, 2526648998.0, 2791658902.0, 631939754.0, 643191194.0, 2779424426.0, 1716934042.0, 2574968234.0, 1454827093.0, 2572854698.0, 1452713557.0, 2511726950.0, 1455023530.0, 2510645606.0, 1453942186.0, 1454990762.0, 2792773978.0, 1453942186.0, 2790676826.0, 1455023530.0, 2511726950.0, 1452893610.0, 2509597030.0, 1500881570.0, 2792771921.0, 1499834022.0, 2790675801.0, 2795676138.0, 2862784982.0, 2796201386.0, 2863310166.0, 2524292388.0, 1454810644.0, 2522195365.0, 1453762197.0, 1771395670.0, 2796201386.0, 1771395670.0, 2796201386.0, 2522195370.0, 1452893610.0, 2522195370.0, 1452893610.0, 2796201386.0, 2796201386.0, 2796201386.0, 2796201386.0, 1452955046.0, 2863048277.0, 1452955046.0, 2863048277.0, 1452893610.0, 2796201386.0, 1452893610.0, 2796201386.0, 2796201386.0, 2796201386.0, 2796201386.0, 2796201386.0, 1452893610.0, 1452893610.0, 1452893610.0, 1452893610.0, 2796201386.0, 2796201386.0, 2796201386.0, 2796201386.0, 2796201386.0, 2796201386.0, 2796201386.0, 2796201386.0, 2796201386.0, 2796201386.0, 2796201386.0, 2796201386.0, 2796201386.0, 2796201386.0, 2796201386.0, 2796201386.0, 2796201386.0, 2796201386.0, 2796201386.0, 2796201386.0, 2796201386.0, 2796201386.0, 2796201386.0, 2796201386.0, 2796201386.0, 2796201386.0, 2796201386.0, 2796201386.0, 2796201386.0, 2796201386.0, 2796201386.0, 2796201386.0, 2796201386.0, 2796201386.0, 2796201386.0, 2796201386.0, 2796201386.0, 2796201386.0, 2796201386.0, 2796201386.0, 2796201386.0, 2796201386.0, 2796201386.0, 2796201386.0, 2796201386.0, 2796201386.0, 2796201386.0, 2796201386.0, 2796201386.0, 2796201386.0, 2796201386.0, 2796201386.0, 2796201386.0, 2796201386.0, 2796201386.0, 2796201386.0, 2796201386.0, 2796201386.0, 2796201386.0, 2796201386.0, 2796201386.0, 2796201386.0, 2796201386.0, 2796201386.0, 2796201386.0, 2796201386.0, 2796201386.0, 2796201386.0, 2796201386.0, 2796201386.0, 2796201386.0, 2796201386.0, 2796201386.0, 2796201386.0, 2796201386.0, 2796201386.0, 2796201386.0, 2796201386.0, 2796201386.0, 2796201386.0, 2796201386.0, 2796201386.0, 2796201386.0, 2796201386.0, 2796201386.0, 2796201386.0, 2796201386.0, 2796201386.0, 2796201386.0, 2796201386.0, 2796201386.0, 2796201386.0, 2796201386.0, 2796201386.0, 2796201386.0, 2796201386.0, 2796201386.0, 2796201386.0, 2796201386.0, 2796201386.0, 2796201386.0, 2796201386.0, 2796201386.0, 2796201386.0, 2796201386.0, 2796201386.0, 2796201386.0, 2796201386.0, 2796201386.0, 2796201386.0, 2796201386.0, 2796201386.0, 2796201386.0, 2796201386.0, 2796201386.0, 2796201386.0, 2796201386.0, 2796201386.0, 2796201386.0, 2796201386.0, 2796201386.0, 2796201386.0, 2796201386.0, 2796201386.0, 2796201386.0, 2796201386.0, 2796201386.0, 2796201386.0, 2796201386.0, 2796201386.0, 2796201386.0, 2796201386.0, 2796201386.0, 2796201386.0, 2796201386.0, 2796201386.0, 2796201386.0, 2796201386.0, 2796201386.0, 2796201386.0, 2796201386.0, 2796201386.0, 2796201386.0, 2796201386.0, 2796201386.0, 2796201386.0, 2796201386.0, 2796201386.0, 2796201386.0, 2796201386.0, 2796201386.0, 2796201386.0, 2796201386.0, 2796201386.0, 2796201386.0, 2796201386.0, 2796201386.0, 2796201386.0, 2796201386.0, 2796201386.0, 2796201386.0, 2796201386.0, 2796201386.0, 2796201386.0, 2796201386.0, 2796201386.0, 2796201386.0, 2796201386.0, 2796201386.0, 2796201386.0, 2796201386.0, 2796201386.0]
Minimum support: 0.5
Number of cores: 14
Number of patterns: 2
Number of invalid patterns: 34

0. date_time
1. id_site
2. Tpic
3. Dir
4. Etal
5. Tz
6. Hm0
7. Ts1
8. Ts2
9. Tc
10. Tav
11. Tint
12. Tp
13. EPS2
14. EPS4
15. Qp
16. S2
17. Tref
18. Tw
19. Batt
20. timestamp

File: data/directio8k.csv

Pattern : Support
['2-', '4-'] : 0.519
['2+', '5+', '7+', '9+', '10+', '11+'] : 0.553


Iteration: Best Cost
0: 6.20790266008629e-06 
1: 6.20790266008629e-06 
2: 4.620837203284491e-06 
3: 4.620837203284491e-06 
4: 4.620837203284491e-06 
5: 4.620837203284491e-06 
6: 4.620837203284491e-06 
7: 4.620837203284491e-06 
8: 4.620837203284491e-06 
9: 4.620837203284491e-06 
10: 4.620837203284491e-06 
11: 4.620837203284491e-06 
12: 4.620837203284491e-06 
13: 4.620837203284491e-06 
14: 4.620837203284491e-06 
15: 4.620837203284491e-06 
16: 4.620837203284491e-06 
17: 4.620837203284491e-06 
18: 4.620837203284491e-06 
19: 4.620837203284491e-06 
