Run-time: 0.3003230094909668 seconds
Total allocated memory size: 257.6 KiB
Algorithm: GA-GRAANK (v2.0)
Search Space: Numeric
No. of (dataset) attributes: 10
No. of (dataset) tuples: 116
Population size: 8
PC: 0.5
Gamma: 746
Mu: 0.842
Sigma: 0.681
Number of iterations: 20
Number of cost evaluations: 160
Candidates: [0, 262143, 0, 262143, 262143, 0, 261433, 0, 0, 262143, 0, 262143, 0, 262143, 0, 262143, 262143, 0, 261443, 0, 0, 262143, 0, 262143, 262143, 0, 262143, 0, 262143, 0, 262143, 0, 262143, 262143, 221433, 262143, 262143, 262143, 262143, 262143, 262143, 262143, 262143, 262143, 262143, 262143, 262143, 262143, 262143, 262143, 262143, 221433, 262143, 262143, 262143, 221133, 262143, 262143, 262143, 261433, 262143, 262143, 262143, 262143, 262143, 262143, 262143, 262143, 262143, 262143, 262143, 262143, 262143, 262143, 221433, 262143, 262143, 262143, 262143, 262143, 262143, 262143, 262143, 262143, 262143, 262143, 262143, 262143, 262143, 262143, 221433, 262143, 262142, 262142, 262143, 262143, 262143, 262143, 262143, 221433, 262143, 262143, 262143, 262143, 262143, 262143, 221443, 262143, 262143, 262143, 221433, 221433, 262143, 262143, 262143, 262143, 262143, 262143, 262143, 262143, 262143, 262143, 262143, 262143, 0, 262143, 0, 262143, 262143, 262143, 262143, 262143, 262143, 262143, 262143, 262143, 0, 262143, 0, 221433, 262143, 0, 262143, 0, 262143, 0, 221433, 0, 262143, 262143, 262143, 262143, 262143, 262143, 262143, 262143, 262143, 262143, 262143, 262143]
Minimum support: 0.5
Number of cores: 14
Number of patterns: 1
Number of invalid patterns: 27

0. Age
1. BMI
2. Glucose
3. Insulin
4. HOMA
5. Leptin
6. Adiponectin
7. Resistin
8. MCP.1
9. Classification

File: data/breast_cancer.csv

Pattern : Support
['0+', '2+'] : 0.544


Iteration: Best Cost
0: 0.007874015748031496 
1: 0.007874015748031496 
2: 0.007874015748031496 
3: 0.007874015748031496 
4: 0.007874015748031496 
5: 0.007874015748031496 
6: 0.007874015748031496 
7: 0.007874015748031496 
8: 0.007874015748031496 
9: 0.007874015748031496 
10: 0.007874015748031496 
11: 0.007874015748031496 
12: 0.007874015748031496 
13: 0.0051813471502590676 
14: 0.0051813471502590676 
15: 0.0051813471502590676 
16: 0.0051813471502590676 
17: 0.0051813471502590676 
18: 0.0051813471502590676 
19: 0.0051813471502590676 
