Run-time: 461.9200282096863 seconds
Total allocated memory size: 281.7 KiB
Algorithm: PSO-GRAANK (v2.0)
Search Space: Numeric
No. of (dataset) attributes: 15
No. of (dataset) tuples: 9357
Particle population: 19
Velocity coeff.: 0.628
Personal coeff.: 0.14
Global coeff.: 0.431
Number of iterations: 20
Number of cost evaluations: 380
Candidates: [4470891, 14794861, 12148289, 1761950, 2828482, 10277645, 14873184, 11250446, 3436648, 13238330, 2009840, 6571424, 14074177, 9552384, 1423352, 562903, 1374650, 3149669, 6956508, 13238330.628, 14365510.898619117, 12225918.708335523, 2701135.4632573007, 5488229.192709465, 10681255.76615851, 14681122.373673303, 11803471.368592111, 3564666.3254204816, 13238330.726541257, 5893031.714332434, 6595701.594269155, 13836711.474402687, 11096401.611235576, 5958813.012278649, 2722274.3882424445, 4748478.2877085395, 5287656.494990813, 7691243.897014204, 13238331.256000001, 14158124.864218751, 12647597.24960787, 3619526.6996653993, 5705179.275812866, 11577796.677109515, 14536288.893324587, 11950026.512974719, 6152532.533911708, 13238331.48021113, 8924804.107295059, 6679126.812022729, 13722055.991050957, 11698257.77346699, 6250478.746697413, 4357219.95004415, 7439756.775783328, 6001513.224717841, 8519242.77847416, 13238331.884000001, 13899481.338473642, 12731288.655183053, 7039520.067832831, 7876791.412285663, 12076789.646539612, 14338246.432138989, 11996304.045897095, 7530824.500229979, 13238332.266822759, 9585715.874899717, 8392877.855234938, 13602179.527739298, 12189380.641747255, 8785782.135249222, 7667472.502110246, 7546508.668173435, 6909336.6010754295, 10361055.765306143, 13238332.512000002, 13893141.262151157, 12843415.760188429, 8334030.272604026, 8233008.554010691, 12143402.917491881, 13909092.823714932, 12161599.175822027, 9497262.62178582, 13238332.907236839, 10708301.434696803, 9516308.211827047, 13560562.470336553, 12546246.35007216, 9499749.840616848, 9515892.319410257, 7760816.39470076, 9406228.081948772, 10689399.602953406, 13238333.140000002, 13853505.840112675, 12956628.870712776, 8692985.90989158, 9129490.923017045, 12315434.207499893, 13895140.954596639, 12530212.952719416, 9749420.322350487, 13238333.627500216, 11094610.10345108, 9570478.039301291, 13529834.80017081, 12625321.234035969, 9981935.447871357, 11092185.96094498, 8637212.930303078, 11003281.963859545, 11458529.539371395, 8637213.558303079, 13107164.131108554, 12333926.495906126, 8688440.391332809, 8935004.947341518, 11985250.739483535, 11979201.902085794, 12225048.546626547, 9363631.70845909, 11543938.954339148, 10962534.436891919, 9529493.725272108, 12498303.005485367, 12559367.288733857, 9653643.585126713, 10896111.098607833, 8637213.696251623, 10705452.042722851, 11397884.237373212, 12225049.174626548, 12912386.401768511, 12316506.15211523, 9858386.647069518, 9337739.411712382, 12087711.828671753, 12017072.623405864, 12225049.352152655, 9530932.979984434, 11813285.062296433, 11345741.194431074, 10633886.519419882, 12416830.69112645, 12465493.255437776, 9670023.526652137, 11096833.832596796, 9511493.206445167, 10860950.035005085, 11423129.223261535, 12225049.802626548, 12795395.616305066, 12293022.411906099, 10544452.293756632, 9427358.83231392, 12094070.7367219, 12088832.241861094, 12225050.06752854, 9724727.738414252, 11977236.153653242, 11474678.531046856, 10717596.393681673, 12398128.782226345, 12399738.707040282, 9810999.180318791, 11327780.34979989, 9623640.268254373, 10899878.5766707, 11650880.384749915, 10717597.021681674, 12353497.464649765, 12179390.320856616, 10571993.456727555, 9553469.808276126, 11835007.118354486, 11824806.793680554, 11879768.008010212, 9998958.483138174, 11598158.544587594, 11374312.246244604, 10717597.146213625, 12110101.957058627, 11799032.92291773, 9819941.192392671, 11147569.233251514, 9679029.314584374, 10871654.42066189, 11644875.893365506, 10717597.649681674, 12336476.970796224, 11913354.575069677, 10607440.760668784, 9828666.414561614, 11489883.532700421, 11461365.308996756, 11546907.136670643, 10185687.249961466, 11460726.041479414, 11268004.337246077, 10717597.88856731, 11720742.199352594, 11686475.452670557, 9912914.819759602, 10976481.468715765, 9701817.670168536, 10826514.62733903, 11453941.49415738, 11720742.827352595, 12144025.367879756, 11843632.856169078, 10657688.985657422, 10179459.046111451, 11531938.665490635, 11568273.40891994, 11569729.617364421, 10210629.10809431, 11522521.144406965, 11270889.233839104, 10909635.475107586, 11720743.019800749, 11696036.85296274, 10487178.424131995, 11213444.63442259, 10181826.737747986, 10901852.578065481, 11492316.338684283, 11213445.26242259, 11983495.552580249, 11675950.964532137, 10844810.998211224, 10181887.611554494, 11454699.67954628, 11527815.612425176, 11533365.825521424, 10553938.973504575, 11487655.271918414, 11268946.327869184, 10923632.366012067, 11529889.45704107, 11646885.772259815, 10509169.412570637, 11213445.451692564, 10394888.455173515, 11024017.688898122, 11386020.185336592, 11454700.30754628, 11902326.232502999, 11671391.121097842, 11014126.18051137, 10708319.591973994, 11454700.437888749, 11520043.403377058, 11505162.134414544, 10831536.028308298, 11478164.803670567, 11294556.745509172, 10926107.3309166, 11524614.210239617, 11586422.45790366, 10677464.070958836, 11276504.783122245, 10461200.483766014, 11043841.488697369, 11407986.291748013, 11276505.411122246, 11897396.865345404, 11581169.676926693, 11126827.016753467, 10765578.686368894, 11434745.150656926, 11487184.620285278, 11464223.79675167, 10985321.83166452, 11425722.123696662, 11287974.469190903, 10943244.672672458, 11443518.86588808, 11452930.314240014, 10805630.775529513, 11276505.61605266, 10589681.892555302, 11084638.73105396, 11364477.934892708, 11452930.942240015, 11892403.867683709, 11530233.791541092, 11237067.900581421, 10973251.904061312, 11434815.716155568, 11484597.861950865, 11463460.422007075, 11069755.5246442, 11427410.802963475, 11300646.222151432, 11069997.903891258, 11443827.401203949, 11452930.994777016, 10862013.795130523, 11320144.467578486, 10673441.812401976, 11135533.710488766, 11387433.800421264, 11452931.570240015, 11713232.918270787, 11529829.584009971, 11275418.859110078, 11039553.567243736, 11436682.843630794, 11476564.50936561, 11459907.776478238, 11142787.634198397, 11435887.776637878, 11342549.7645166, 11132747.12084595, 11444043.431850009, 11452931.759511385, 10921756.537969833, 11356383.663097246, 10895657.69518586, 11232335.82550158, 11390554.086292574, 11452932.198240016, 11631826.927505275, 11518013.92485852, 11321695.730320252, 11172633.897509836, 11440222.097091442, 11475009.878669482, 11458862.387119215, 11207571.399414096, 11439863.582890159, 11354993.357927013, 11137576.877259897, 11445103.071905255, 11452932.402945213, 11078742.368602082, 11392368.454669967, 11089861.238611126, 11304174.820139563, 11411501.021531109, 11452932.826240016, 11587723.234751396, 11510768.988420967, 11330419.249861626, 11278977.289787045, 11444944.373139836, 11466895.275452716, 11458725.327404113, 11246415.653979877, 11441907.612030685, 11358506.646621665, 11240403.967756331, 11447196.711405018, 11452933.035483362, 11157801.118877795, 11416018.270851724, 11199701.426362682, 11317311.746656036, 11413611.50922341, 11452933.454240017, 11537567.001130035, 11497040.81909003, 11331092.675563505, 11324628.391166715, 11445528.820078963, 11461896.411529824, 11458334.35728027, 11322494.639818588, 11444927.317772537, 11385444.61790743, 11298702.812635884, 11449536.011136075, 11452933.671661904, 11172125.325941056, 11430468.122552318, 11249401.307486298, 11370540.464677576, 11425683.700966664]
Minimum support: 0.5
Number of cores: 14
Number of patterns: 3
Number of invalid patterns: 96

0. Date
1. Time
2. CO(GT)
3. PT08.S1(CO)
4. NMHC(GT)
5. C6H6(GT)
6. PT08.S2(NMHC)
7. NOx(GT)
8. PT08.S3(NOx)
9. NO2(GT)
10. PT08.S4(NO2)
11. PT08.S5(O3)
12. T
13. RH
14. AH

File: data/air_quality.csv

Pattern : Support
['2+', '5+', '6+'] : 0.715
['2+', '3+', '5+', '6+', '8-', '11+'] : 0.532
['2+', '3+', '5+', '6+', '7+'] : 0.553


Iteration: Best Cost
0: 1.65206134302014e-07 
1: 1.65206134302014e-07 
2: 1.65206134302014e-07 
3: 1.65206134302014e-07 
4: 1.65206134302014e-07 
5: 1.65206134302014e-07 
6: 1.65206134302014e-07 
7: 1.65206134302014e-07 
8: 1.65206134302014e-07 
9: 1.65206134302014e-07 
10: 1.65206134302014e-07 
11: 1.2732231121061492e-07 
12: 1.2732231121061492e-07 
13: 1.2623602425196004e-07 
14: 8.428831999892111e-08 
15: 8.428831999892111e-08 
16: 8.428831999892111e-08 
17: 8.428831999892111e-08 
18: 8.428831999892111e-08 
19: 8.428831999892111e-08 
