Run-time: 1.2159240245819092 seconds
Total allocated memory size: 283.9 KiB
Algorithm: GA-GRAANK (v1.0)
Search Space: Bitmap
No. of (dataset) attributes: 21
No. of (dataset) tuples: 522
Population size: 12
PC: 0.5
Gamma: 529
Mu: 0.856
Sigma: 0.209
Number of iterations: 20
Number of cost evaluations: 240
Candidates: [644854671701.0, 451384351386.0, 647035709781.0, 453548612250.0, 645942307093.0, 436309744170.0, 645950695829.0, 436318132906.0, 662031329874.0, 434195944849.0, 664199916118.0, 436381308313.0, 713038321241.0, 382396443030.0, 714397275737.0, 383755397526.0, 444954528341.0, 650262316458.0, 436364532309.0, 641672324522.0, 577252005226.0, 298933905829.0, 714686764394.0, 367644993957.0, 730816992856.0, 640288401812.0, 731911706201.0, 641399892373.0, 727282505386.0, 372229187925.0, 727282505386.0, 372229187925.0, 693054559889.0, 629993548386.0, 727348237977.0, 664288275046.0, 727282505386.0, 372229187925.0, 727282505386.0, 372229187925.0, 367348001189.0, 714161673818.0, 367582882213.0, 714681767514.0, 644649155158.0, 434130041241.0, 646834379350.0, 436302686617.0, 664221166186.0, 714463336021.0, 664221166186.0, 714463336021.0, 719316494950.0, 393885603242.0, 710189689446.0, 389322200490.0, 371106077294.0, 436398041517.0, 371089300074.0, 436381264297.0, 644650220118.0, 434128976281.0, 646818671190.0, 436301621657.0, 714463614565.0, 664220887642.0, 714463614565.0, 664220887642.0, 388045837670.0, 715827866277.0, 388045837670.0, 715827866277.0, 714463336021.0, 664221166186.0, 714463336021.0, 664221166186.0, 385114614105.0, 435290991270.0, 385114089817.0, 435290729126.0, 576957278549.0, 298946566569.0, 645676755285.0, 367666043305.0, 440944712037.0, 659640657498.0, 440944712037.0, 659640657498.0, 435223615893.0, 664221166186.0, 435223615893.0, 664221166186.0, 439853936340.0, 659657694692.0, 439853935254.0, 659657692518.0, 715827866277.0, 641386325590.0, 715827866277.0, 641386325590.0, 642477894309.0, 731849057882.0, 642477894309.0, 731849057882.0, 664221166186.0, 439585428901.0, 664221166186.0, 439585428901.0, 715827866277.0, 664288275046.0, 715827866277.0, 664288275046.0, 664221166186.0, 664288275046.0, 664221166186.0, 664288275046.0, 367644730969.0, 732940638566.0, 367644730969.0, 732940638566.0, 664221166186.0, 435223615893.0, 664221166186.0, 435223615893.0, 715827866277.0, 715827866277.0, 715827866277.0, 715827866277.0, 715827866277.0, 435223615893.0, 715827866277.0, 435223615893.0, 664221166186.0, 664221166186.0, 664221166186.0, 664221166186.0, 715827866277.0, 664221166186.0, 715827866277.0, 664221166186.0, 715827866277.0, 664288275046.0, 715827866277.0, 664288275046.0, 664288275046.0, 664221166186.0, 664288275046.0, 664221166186.0, 715827866277.0, 664288275046.0, 715827866277.0, 664288275046.0, 664288275046.0, 715827866277.0, 664288275046.0, 715827866277.0, 715827866277.0, 664288275046.0, 715827866277.0, 664288275046.0, 664288275046.0, 664221166186.0, 664288275046.0, 664221166186.0, 664288275046.0, 664221166186.0, 664288275046.0, 664221166186.0, 664288275046.0, 664288275046.0, 664288275046.0, 664288275046.0, 664288275046.0, 664288275046.0, 664288275046.0, 664288275046.0, 664288275046.0, 664288275046.0, 664288275046.0, 664288275046.0, 664288275046.0, 664288275046.0, 664288275046.0, 664288275046.0, 664288275046.0, 664288275046.0, 664288275046.0, 664288275046.0, 664288275046.0, 664288275046.0, 664288275046.0, 664288275046.0, 664288275046.0, 664288275046.0, 664288275046.0, 664288275046.0, 664288275046.0, 664288275046.0, 664288275046.0, 664288275046.0, 664288275046.0, 664288275046.0, 664288275046.0, 664288275046.0, 664288275046.0, 664288275046.0, 664288275046.0, 664288275046.0, 664288275046.0, 664288275046.0, 664288275046.0, 664288275046.0, 664288275046.0, 664288275046.0, 664288275046.0, 664288275046.0, 664288275046.0, 664288275046.0, 664288275046.0, 664288275046.0, 664288275046.0, 664288275046.0, 664288275046.0, 664288275046.0, 664288275046.0, 664288275046.0, 664288275046.0, 664288275046.0, 664288275046.0, 664288275046.0, 664288275046.0, 664288275046.0, 664288275046.0, 664288275046.0, 664288275046.0, 664288275046.0, 664288275046.0, 664288275046.0, 664288275046.0, 664288275046.0]
Minimum support: 0.5
Number of cores: 14
Number of patterns: 1
Number of invalid patterns: 90

0. Date
1. BUDAPEST
2. BARANYA
3. BACS
4. BEKES
5. BORSOD
6. CSONGRAD
7. FEJER
8. GYOR
9. HAJDU
10. HEVES
11. JASZ
12. KOMAROM
13. NOGRAD
14. PEST
15. SOMOGY
16. SZABOLCS
17. TOLNA
18. VAS
19. VESZPREM
20. ZALA

File: data/hungary_chickenpox.csv

Pattern : Support
['1+', '4+', '16+'] : 0.584


Iteration: Best Cost
0: 0.001336898395721925 
1: 0.001336898395721925 
2: 0.001336898395721925 
3: 0.001336898395721925 
4: 0.001336898395721925 
5: 0.001336898395721925 
6: 0.001336898395721925 
7: 0.001336898395721925 
8: 0.001336898395721925 
9: 0.001336898395721925 
10: 0.001336898395721925 
11: 0.001336898395721925 
12: 0.001336898395721925 
13: 0.001336898395721925 
14: 0.001336898395721925 
15: 0.001336898395721925 
16: 0.001336898395721925 
17: 0.001336898395721925 
18: 0.001336898395721925 
19: 0.001336898395721925 
