Run-time: 342.9824306964874 seconds
Total allocated memory size: 284.5 KiB
Algorithm: GA-GRAANK (v2.0)
Search Space: Numeric
No. of (dataset) attributes: 15
No. of (dataset) tuples: 9357
Population size: 20
PC: 0.382
Gamma: 0.547
Mu: 0.741
Sigma: 0.654
Number of iterations: 20
Number of cost evaluations: 320
Candidates: [7984657, 6643548, 9846577, 6433548, 9352612, 8992198, 3522122, 9922998, 5791702, 2466052, 7717022, 4660022, 8652249, 9906912, 6522499, 9066122, 4993750, 6070335, 9937700, 6700355, 11070699, 11835355, 11006699, 16777215, 5908681, 6048565, 5986881, 485655, 11064617, 10942380, 11644117, 9423800, 15170666, 13875221, 16777215, 16777215, 12365930, 12048071, 16777215, 12440071, 8344768, 8060193, 3347688, 601933, 9696575, 9752554, 6665755, 9725544, 6413068, 6424543, 4130668, 6244443, 15024522, 8453047, 10025222, 4533447, 14525258, 16640628, 16777215, 16606688, 5803168, 4320601, 5031168, 4200011, 7505033, 5568198, 7050033, 5681988, 7675541, 13232341, 6655411, 12322341, 9511177, 7179799, 5111777, 7799799, 5309861, 8289707, 3098811, 8897777, 6808072, 7647137, 8880022, 7471377, 7640700, 7351104, 6407000, 7551044, 10430664, 4561140, 4406644, 4511400, 14061294, 14360037, 14612944, 13600337, 10109053, 8913642, 11100533, 9933422, 6321524, 6623273, 6215244, 6232233, 16777215, 16777215, 16777215, 16777215, 11351068, 11833146, 13310068, 11333466, 4488968, 7113076, 4488688, 7130766, 15940162, 7492463, 16777215, 7924633, 16777215, 16777215, 16777215, 16777215, 7249882, 6956916, 2499822, 9959166, 8843956, 8021964, 8833566, 219644, 16078274, 8498739, 16777215, 4988339, 5749673, 4005014, 7496633, 50044, 9482508, 13539149, 9882008, 16777215, 16777215, 16777215, 16777215, 16777215, 16777215, 16777215, 16777215, 16777215, 13852407, 9169250, 16777215, 9162500, 11166726, 5660532, 11167266, 6605322, 16510800, 9690214, 16777215, 6992144, 16777215, 16777215, 16777215, 16777215, 16518237, 4747665, 16777215, 7776665, 12067780, 12509233, 16777215, 15092333, 12453720, 10730494, 14453220, 16777215, 11631892, 11552322, 11318922, 15553222, 16545152, 8031861, 16777215, 318661, 16777215, 16777215, 16777215, 16777215, 16777214, 16777214, 16777215, 16777215, 9840681, 10284221, 8440881, 2882211, 16777215, 16777215, 16777215, 16777215, 6309723, 6341719, 3097233, 3417119, 16777215, 16777215, 16777215, 16777215, 9184696, 16755018, 1846996, 16777215, 16777215, 16777215, 16777215, 16772155, 16777215, 16777215, 16777215, 16777215, 15774593, 10426421, 16777215, 4464211, 6976683, 14284159, 6776633, 16777215, 8326796, 7913883, 8266996, 9938833, 9484382, 15733713, 4883822, 16777215, 11474718, 14726296, 14747188, 16777215, 11381729, 11802485, 13881729, 16777215, 16777215, 16777215, 16777215, 16777215, 13578728, 10998285, 13587788, 10982855, 16777215, 16777215, 16777215, 16772255, 4357475, 6965616, 3574755, 9666166, 16777215, 16777215, 16777215, 16777215, 9196729, 9389570, 9197299, 3895500, 16777215, 16777215, 16777215, 16777215, 13694351, 10882662, 13943511, 10826622, 8103831, 3975678, 1008311, 9756688, 16777215, 16777215, 16777215, 16777215, 10721188, 15479826, 7211888, 16777215, 15731928, 5533974, 16777215, 5539744, 6947626, 13177276, 9476266, 16777215, 16777215, 16777215, 16777215, 16777215, 16776782, 16772587, 16777215, 16777215, 14609462, 8574752, 16777215, 5747522, 9316702, 9304396, 9367002, 3303966, 6904157, 8926642, 9044577, 9266622]
Minimum support: 0.5
Number of cores: 14
Number of patterns: 3
Number of invalid patterns: 73

0. Date
1. Time
2. CO(GT)
3. PT08.S1(CO)
4. NMHC(GT)
5. C6H6(GT)
6. PT08.S2(NMHC)
7. NOx(GT)
8. PT08.S3(NOx)
9. NO2(GT)
10. PT08.S4(NO2)
11. PT08.S5(O3)
12. T
13. RH
14. AH

File: data/air_quality.csv

Pattern : Support
['2+', '3+', '6+', '7+', '9+'] : 0.506
['2+', '5+', '6+', '7+', '9+', '11+'] : 0.507
['2+', '6+', '7+', '8-'] : 0.524


Iteration: Best Cost
0: 9.372115145806681e-07 
1: 2.753770255701337e-07 
2: 2.753770255701337e-07 
3: 1.4756764980661999e-07 
4: 1.4756764980661999e-07 
5: 1.4756764980661999e-07 
6: 1.4756764980661999e-07 
7: 1.4756764980661999e-07 
8: 1.4756764980661999e-07 
9: 1.1611925726407238e-07 
10: 1.1611925726407238e-07 
11: 1.1611925726407238e-07 
12: 1.1611925726407238e-07 
13: 1.1611925726407238e-07 
14: 1.1611925726407238e-07 
15: 1.1611925726407238e-07 
16: 1.1611925726407238e-07 
17: 1.1611925726407238e-07 
18: 1.1611925726407238e-07 
19: 1.1611925726407238e-07 
