Run-time: 0.765500545501709 seconds
Total allocated memory size: 260.2 KiB
Algorithm: GA-GRAANK (v1.0)
Search Space: Bitmap
No. of (dataset) attributes: 11
No. of (dataset) tuples: 589
Population size: 8
PC: 0.776
Gamma: 0.746
Mu: 0.842
Sigma: 0.681
Number of iterations: 20
Number of cost evaluations: 240
Candidates: [2446694.0, 1676693.0, 2446694.0, 1676693.0, 2779818.0, 2516569.0, 2779818.0, 2516569.0, 2520763.0, 1751415.0, 2512538.0, 1747301.0, 1676693.0, 2779818.0, 1676693.0, 2779818.0, 2516698.0, 1743337.0, 2516570.0, 1743209.0, 1747301.0, 2516650.0, 1747301.0, 2516650.0, 2516650.0, 1743209.0, 2516650.0, 1743209.0, 2516650.0, 1743209.0, 2516650.0, 1743209.0, 2779818.0, 2446694.0, 2779818.0, 2446694.0, 2779818.0, 2446694.0, 2779818.0, 2446694.0, 2779818.0, 2446694.0, 2779818.0, 2446694.0, 2779818.0, 2779818.0, 2779818.0, 2779818.0, 2779818.0, 2779818.0, 2779818.0, 2779818.0, 2779818.0, 2779818.0, 2779818.0, 2779818.0, 2512538.0, 2779818.0, 2512538.0, 2779818.0, 2779818.0, 2779818.0, 2779818.0, 2779818.0, 2779818.0, 2779818.0, 2779818.0, 2779818.0, 2779818.0, 2779818.0, 2779818.0, 2779818.0, 2779818.0, 2779818.0, 2779818.0, 2779818.0, 2779818.0, 2779818.0, 2779818.0, 2779818.0, 2779818.0, 2779818.0, 2779818.0, 2779818.0, 2779818.0, 2779818.0, 2779818.0, 2779818.0, 2779818.0, 2779818.0, 2779818.0, 2779818.0, 2779818.0, 2779818.0, 2779818.0, 2779818.0, 2779818.0, 2779818.0, 2779818.0, 2779818.0, 2779818.0, 2779818.0, 2779818.0, 2779818.0, 2779818.0, 2779818.0, 2779818.0, 2779818.0, 2779818.0, 2779818.0, 2779818.0, 2779818.0, 2779818.0, 2779818.0, 2779818.0, 2779818.0, 2779818.0, 2779818.0, 2779818.0, 2779818.0, 2779818.0, 2779818.0, 2779818.0, 2779818.0, 2779818.0, 2779818.0, 2779818.0, 2779818.0, 2779818.0, 2779818.0, 2779818.0, 2779818.0, 2779818.0, 2779818.0, 2779818.0, 2779818.0, 2779818.0, 2779818.0, 2779818.0, 2779818.0, 2779818.0, 2779818.0, 2779818.0, 2779818.0, 2779818.0, 2779818.0, 2779818.0, 2779818.0, 2779818.0, 2779818.0, 2779818.0, 2779818.0, 2779818.0, 2779818.0, 2779818.0, 2779818.0, 2779818.0, 2779818.0, 2779818.0, 2779818.0, 2779818.0, 2779818.0, 2779818.0, 2779818.0, 2779818.0, 2779818.0, 2779818.0, 2779818.0, 2779818.0, 2779818.0, 2779818.0, 2779818.0, 2779818.0, 2779818.0, 2779818.0, 2779818.0, 2779818.0, 2779818.0, 2779818.0, 2779818.0, 2779818.0, 2779818.0, 2779818.0, 2779818.0, 2779818.0, 2779818.0, 2779818.0, 2779818.0, 2779818.0, 2779818.0, 2779818.0, 2779818.0, 2779818.0, 2779818.0, 2779818.0, 2779818.0, 2779818.0, 2779818.0, 2779818.0, 2779818.0, 2779818.0, 2779818.0, 2779818.0, 2779818.0, 2779818.0, 2779818.0, 2779818.0, 2779818.0, 2779818.0, 2779818.0, 2779818.0, 2779818.0, 2779818.0, 2779818.0, 2779818.0, 2779818.0, 2779818.0, 2779818.0, 2779818.0, 2779818.0, 2779818.0, 2779818.0, 2779818.0, 2779818.0, 2779818.0, 2779818.0, 2779818.0, 2779818.0, 2779818.0, 2779818.0, 2779818.0, 2779818.0, 2779818.0, 2779818.0, 2779818.0, 2779818.0, 2779818.0, 2779818.0, 2779818.0, 2779818.0]
Minimum support: 0.5
Number of cores: 14
Number of patterns: 1
Number of invalid patterns: 0

0. Age
1. ALB
2. ALP
3. ALT
4. AST
5. BIL
6. CHE
7. CHOL
8. CREA
9. GGT
10. PROT

File: data/hcv_data.csv

Pattern : Support
['2+', '9+'] : 0.552


Iteration: Best Cost
0: 6.601967386281111e-05 
1: 6.601967386281111e-05 
2: 6.601967386281111e-05 
3: 6.601967386281111e-05 
4: 6.601967386281111e-05 
5: 6.601967386281111e-05 
6: 6.601967386281111e-05 
7: 6.601967386281111e-05 
8: 6.601967386281111e-05 
9: 6.601967386281111e-05 
10: 6.601967386281111e-05 
11: 6.601967386281111e-05 
12: 6.601967386281111e-05 
13: 6.601967386281111e-05 
14: 6.601967386281111e-05 
15: 6.601967386281111e-05 
16: 6.601967386281111e-05 
17: 6.601967386281111e-05 
18: 6.601967386281111e-05 
19: 6.601967386281111e-05 
