Run-time: 9.854466676712036 seconds
Total allocated memory size: 274.9 KiB
Algorithm: GA-GRAANK (v1.0)
Search Space: Bitmap
No. of (dataset) attributes: 11
No. of (dataset) tuples: 1999
Population size: 8
PC: 0.776
Gamma: 0.746
Mu: 0.842
Sigma: 0.681
Number of iterations: 20
Number of cost evaluations: 240
Candidates: [19033.0, 35434.0, 27225.0, 39530.0, 19097.0, 34406.0, 27289.0, 38502.0, 35178.0, 19033.0, 39274.0, 27225.0, 26970.0, 27289.0, 26970.0, 27289.0, 17750.0, 35498.0, 25942.0, 39594.0, 27289.0, 27222.0, 27289.0, 27222.0, 39594.0, 27289.0, 39594.0, 27289.0, 27222.0, 27289.0, 27222.0, 27289.0, 26970.0, 27289.0, 26970.0, 27289.0, 27289.0, 39594.0, 27289.0, 39594.0, 26970.0, 25942.0, 26970.0, 25942.0, 39594.0, 27222.0, 39594.0, 27222.0, 39594.0, 26970.0, 39594.0, 26970.0, 39594.0, 26970.0, 39594.0, 26970.0, 25942.0, 26970.0, 25942.0, 26970.0, 25942.0, 26970.0, 25942.0, 26970.0, 26970.0, 25942.0, 26970.0, 25942.0, 26970.0, 25942.0, 26970.0, 25942.0, 25942.0, 26970.0, 25942.0, 26970.0, 25942.0, 26970.0, 25942.0, 26970.0, 26970.0, 25942.0, 26970.0, 25942.0, 25942.0, 25942.0, 25942.0, 25942.0, 25942.0, 25942.0, 25942.0, 25942.0, 25942.0, 25942.0, 25942.0, 25942.0, 25942.0, 25942.0, 25942.0, 25942.0, 25942.0, 25942.0, 25942.0, 25942.0, 25942.0, 25942.0, 25942.0, 25942.0, 25942.0, 25942.0, 25942.0, 25942.0, 25942.0, 25942.0, 25942.0, 25942.0, 25942.0, 25942.0, 25942.0, 25942.0, 25942.0, 25942.0, 25942.0, 25942.0, 25942.0, 25942.0, 25942.0, 25942.0, 25942.0, 25942.0, 25942.0, 25942.0, 25942.0, 25942.0, 25942.0, 25942.0, 25942.0, 25942.0, 25942.0, 25942.0, 25942.0, 25942.0, 25942.0, 25942.0, 25942.0, 25942.0, 25942.0, 25942.0, 25942.0, 25942.0, 25942.0, 25942.0, 25942.0, 25942.0, 25942.0, 25942.0, 25942.0, 25942.0, 25942.0, 25942.0, 25942.0, 25942.0, 25942.0, 25942.0, 25942.0, 25942.0, 25942.0, 25942.0, 25942.0, 25942.0, 25942.0, 25942.0, 25942.0, 25942.0, 25942.0, 25942.0, 25942.0, 25942.0, 25942.0, 25942.0, 25942.0, 25942.0, 25942.0, 25942.0, 25942.0, 25942.0, 25942.0, 25942.0, 25942.0, 25942.0, 25942.0, 25942.0, 25942.0, 25942.0, 25942.0, 25942.0, 25942.0, 25942.0, 25942.0, 25942.0, 25942.0, 25942.0, 25942.0, 25942.0, 25942.0, 25942.0, 25942.0, 25942.0, 25942.0, 25942.0, 25942.0, 25942.0, 25942.0, 25942.0, 25942.0, 25942.0, 25942.0, 25942.0, 25942.0, 25942.0, 25942.0, 25942.0, 25942.0, 25942.0, 25942.0, 25942.0, 25942.0, 25942.0, 25942.0, 25942.0, 25942.0, 25942.0, 25942.0, 25942.0, 25942.0, 25942.0, 25942.0, 25942.0, 25942.0, 25942.0]
Minimum support: 0.5
Number of cores: 14
Number of patterns: 1
Number of invalid patterns: 9

0. date_time
1. id_site
2. Rx
3. Hmax
4. Thmax
5. H1/3
6. Th1/3
7. Hmoy
8. Tmoy
9. Cambrure
10. Nb_Vagues

File: data/Omnidir_site2k.csv

Pattern : Support
['3-', '5-', '6-', '7-', '8-', '10+'] : 0.543


Iteration: Best Cost
0: 3.243067942273391e-05 
1: 1.3973096200575412e-06 
2: 1.3973096200575412e-06 
3: 1.3973096200575412e-06 
4: 1.3973096200575412e-06 
5: 1.3973096200575412e-06 
6: 1.3973096200575412e-06 
7: 1.3973096200575412e-06 
8: 1.3973096200575412e-06 
9: 1.3973096200575412e-06 
10: 1.3973096200575412e-06 
11: 1.3973096200575412e-06 
12: 1.3973096200575412e-06 
13: 1.3973096200575412e-06 
14: 1.3973096200575412e-06 
15: 1.3973096200575412e-06 
16: 1.3973096200575412e-06 
17: 1.3973096200575412e-06 
18: 1.3973096200575412e-06 
19: 1.3973096200575412e-06 
