Run-time: 822.567220211029 seconds
Total allocated memory size: 278.5 KiB
Algorithm: GA-GRAANK (v1.0)
Search Space: Bitmap
No. of (dataset) attributes: 15
No. of (dataset) tuples: 9357
Population size: 20
PC: 0.382
Gamma: 0.547
Mu: 0.741
Sigma: 0.654
Number of iterations: 20
Number of cost evaluations: 320
Candidates: [10049942.0, 6724010.0, 10049942.0, 6724010.0, 4888230.0, 4871526.0, 5936806.0, 5920102.0, 4888149.0, 8742310.0, 6985301.0, 10839462.0, 10000666.0, 6579494.0, 10131802.0, 6710630.0, 6724010.0, 10132117.0, 6724010.0, 10132117.0, 6985301.0, 5920102.0, 6985301.0, 5920102.0, 10132074.0, 11113817.0, 10132074.0, 11113817.0, 10181046.0, 9923193.0, 10049942.0, 9792105.0, 9803098.0, 5657946.0, 9803098.0, 5657946.0, 6985301.0, 9790886.0, 6985301.0, 9790886.0, 5936806.0, 5920102.0, 5936806.0, 5920102.0, 9786965.0, 5920102.0, 9786965.0, 5920102.0, 6990246.0, 5920102.0, 6990246.0, 5920102.0, 6985301.0, 5675418.0, 6985301.0, 5675418.0, 5936806.0, 5936746.0, 5936806.0, 5936746.0, 5920102.0, 6985301.0, 5920102.0, 6985301.0, 6990246.0, 5936806.0, 6990246.0, 5936806.0, 5920102.0, 5936806.0, 5920102.0, 5936806.0, 5920102.0, 5920102.0, 5920102.0, 5920102.0, 5920102.0, 10839462.0, 5920102.0, 10839462.0, 5920102.0, 5920102.0, 5920102.0, 5920102.0, 5920102.0, 5920102.0, 5920102.0, 5920102.0, 5936806.0, 5920102.0, 5936806.0, 5920102.0, 5936806.0, 5936746.0, 5936806.0, 5936746.0, 5920102.0, 5920102.0, 5920102.0, 5920102.0, 5920102.0, 5920102.0, 5920102.0, 5920102.0, 5920102.0, 5920102.0, 5920102.0, 5920102.0, 9803098.0, 5920102.0, 9803098.0, 5920102.0, 5920102.0, 5920102.0, 5920102.0, 5920102.0, 5920102.0, 5920102.0, 5920102.0, 5920102.0, 5920102.0, 5920102.0, 5920102.0, 5920102.0, 5920102.0, 5920102.0, 5920102.0, 5920102.0, 5920102.0, 5920102.0, 5920102.0, 5920102.0, 5920102.0, 5920102.0, 5920102.0, 5920102.0, 5920102.0, 5920102.0, 5920102.0, 5920102.0, 5920102.0, 5920102.0, 5920102.0, 5920102.0, 5920102.0, 5920102.0, 5920102.0, 5920102.0, 5920102.0, 5920102.0, 5920102.0, 5920102.0, 5920102.0, 5920102.0, 5920102.0, 5920102.0, 5920102.0, 5920102.0, 5920102.0, 5920102.0, 5920102.0, 5920102.0, 5920102.0, 5920102.0, 5920102.0, 5920102.0, 5920102.0, 5920102.0, 5920102.0, 5920102.0, 5920102.0, 5920102.0, 5920102.0, 5920102.0, 5920102.0, 5920102.0, 5920102.0, 5920102.0, 5920102.0, 5920102.0, 5920102.0, 5920102.0, 5920102.0, 5920102.0, 5920102.0, 5920102.0, 5920102.0, 5920102.0, 5920102.0, 5920102.0, 5920102.0, 5920102.0, 5920102.0, 5920102.0, 5920102.0, 5920102.0, 5920102.0, 5920102.0, 5920102.0, 5920102.0, 5920102.0, 5920102.0, 5920102.0, 5920102.0, 5920102.0, 5920102.0, 5920102.0, 5920102.0, 5920102.0, 5920102.0, 5920102.0, 5920102.0, 5920102.0, 5920102.0, 5920102.0, 5920102.0, 5920102.0, 5920102.0, 5920102.0, 5920102.0, 5920102.0, 5920102.0, 5920102.0, 5920102.0, 5920102.0, 5920102.0, 5920102.0, 5920102.0, 5920102.0, 5920102.0, 5920102.0, 5920102.0, 5920102.0, 5920102.0, 5920102.0, 5920102.0, 5920102.0, 5920102.0, 5920102.0, 5920102.0, 5920102.0, 5920102.0, 5920102.0, 5920102.0, 5920102.0, 5920102.0, 5920102.0, 5920102.0, 5920102.0, 5920102.0, 5920102.0, 5920102.0, 5920102.0, 5920102.0, 5920102.0, 5920102.0, 5920102.0, 5920102.0, 5920102.0, 5920102.0, 5920102.0, 5920102.0, 5920102.0, 5920102.0, 5920102.0, 5920102.0, 5920102.0, 5920102.0, 5920102.0, 5920102.0, 5920102.0, 5920102.0, 5920102.0, 5920102.0, 5920102.0, 5920102.0, 5920102.0, 5920102.0, 5920102.0, 5920102.0, 5920102.0, 5920102.0, 5920102.0, 5920102.0, 5920102.0, 5920102.0, 5920102.0, 5920102.0, 5920102.0, 5920102.0, 5920102.0, 5920102.0, 5920102.0, 5920102.0, 5920102.0, 5920102.0, 5920102.0, 5920102.0, 5920102.0, 5920102.0, 5920102.0, 5920102.0, 5920102.0, 5920102.0, 5920102.0, 5920102.0, 5920102.0, 5920102.0, 5920102.0, 5920102.0, 5920102.0, 5920102.0, 5920102.0, 5920102.0, 5920102.0, 5920102.0, 5920102.0, 5920102.0, 5920102.0, 5920102.0]
Minimum support: 0.5
Number of cores: 14
Number of patterns: 1
Number of invalid patterns: 15

0. Date
1. Time
2. CO(GT)
3. PT08.S1(CO)
4. NMHC(GT)
5. C6H6(GT)
6. PT08.S2(NMHC)
7. NOx(GT)
8. PT08.S3(NOx)
9. NO2(GT)
10. PT08.S4(NO2)
11. PT08.S5(O3)
12. T
13. RH
14. AH

File: data/air_quality.csv

Pattern : Support
['7+', '13+'] : 0.501


Iteration: Best Cost
0: 2.0639421666893355e-07 
1: 2.0639421666893355e-07 
2: 2.0639421666893355e-07 
3: 2.0639421666893355e-07 
4: 2.0639421666893355e-07 
5: 2.0639421666893355e-07 
6: 2.0639421666893355e-07 
7: 2.0639421666893355e-07 
8: 2.0639421666893355e-07 
9: 2.0639421666893355e-07 
10: 2.0639421666893355e-07 
11: 2.0639421666893355e-07 
12: 2.0639421666893355e-07 
13: 2.0639421666893355e-07 
14: 2.0639421666893355e-07 
15: 2.0639421666893355e-07 
16: 2.0639421666893355e-07 
17: 2.0639421666893355e-07 
18: 2.0639421666893355e-07 
19: 2.0639421666893355e-07 
