Run-time: 397.6201207637787 seconds
Total allocated memory size: 290.3 KiB
Algorithm: PSO-GRAANK (v2.0)
Search Space: Numeric
No. of (dataset) attributes: 21
No. of (dataset) tuples: 8074
Particle population: 20
Velocity coeff.: 0.9
Personal coeff.: 0.649
Global coeff.: 0.352
Number of iterations: 20
Number of cost evaluations: 400
Candidates: [753955272, 3965444729, 3296782631, 3625517689, 4144481444, 3068787364, 2442551622, 1353063334, 335888002, 4170334102, 96610475, 4017605131, 1083592907, 2412756828, 4285669239, 580635941, 3535625812, 3535498612, 3286952519, 4120764478, 580635941.9, 2793320805.7784805, 2529373688.0936975, 2563383720.530255, 3049875935.3550014, 2506986600.1340656, 2377682027.3184547, 1184665150.2406259, 351327387.02222157, 3217345738.6597986, 201736722.13013127, 3384585781.54437, 967183069.7295692, 1989816128.325726, 3448747430.609858, 580635942.1122117, 2769190200.9664974, 3107277100.2372026, 3214729322.7073708, 3402846497.024926, 2563383721.430255, 2727458695.5501137, 2537974192.8551393, 2563383721.659481, 2887090524.1914706, 2516896811.028331, 2411492591.824405, 1498873219.7277174, 757256226.7458053, 3074794863.7092934, 792244815.9964046, 3199599974.4946876, 1136925781.0993123, 2114688879.3232498, 3312807611.210349, 697779425.5146449, 2735136706.986813, 3001775991.4472637, 3152881512.580755, 3212176348.0181136, 1136925781.9993124, 2212171216.101264, 2215324043.9393096, 2211839426.595857, 2449227354.738791, 2150122534.6299367, 2078849070.7232964, 1474431833.6456132, 824657410.154627, 2783742805.053214, 841917033.4391226, 2949515079.694557, 1136925782.1189528, 2107837266.3297994, 3306177300.0466075, 803780494.6253862, 2636489860.933647, 2435024938.360444, 3051017903.289453, 2913049078.6606474, 1136925783.0189528, 1906382541.3611598, 2082672659.3221674, 1903614075.5428827, 2153269388.107408, 1952204798.2459855, 1860874668.5856178, 1380370299.0025136, 885704934.1604743, 2245899732.2336016, 884869393.0229069, 2930608477.5469775, 1136925783.0546262, 1839813082.5078518, 3248338546.8541594, 804593121.3203452, 2563671772.193146, 2371551463.5747266, 2746971181.1607475, 2556938461.1557217, 885704935.0604743, 1626356231.577605, 1909106222.6236198, 1586575295.0549297, 2051201214.3071449, 1683800189.74572, 1666240377.4214911, 1258374358.548135, 885704935.0642864, 2244464306.460951, 884937126.1005405, 2736079547.6945434, 1067929968.4414576, 1827323508.5277011, 2741793036.865141, 812366436.7428799, 2361330365.0787973, 1935644980.3484535, 2556044740.7959933, 2175602491.418291, 885704935.9604743, 1581857774.1895704, 1796050891.7265425, 1404597951.2584472, 1910093520.38085, 1427973127.01715, 1467667134.1365716, 1162991468.506318, 885704936.0496122, 1997069267.800044, 884944396.3978336, 2253699916.5200253, 1009765640.2560277, 1570903652.0220537, 2139882971.547789, 813633720.3629551, 2257310862.0887446, 1768717801.1954107, 2292815145.2169046, 2065362840.8702517, 885704936.9496121, 1400276704.361534, 1768829764.1576416, 1266190261.3298426, 1843313961.9240053, 1289178183.16572, 1381783266.2641985, 1093105498.2183876, 885704937.1863588, 1993661565.0908926, 885012673.3438363, 1961862501.8850334, 992201980.3768876, 1407090759.0163116, 2090711586.060307, 822225132.655576, 1811542059.7390945, 1607988271.1373465, 2028595663.833383, 1896665721.4698658, 885012674.2438363, 1232173231.6788094, 1465149150.9832897, 1165710353.307393, 1700243847.5018291, 1247934725.408588, 1264179972.0096154, 1068579397.3125807, 885660711.0051068, 1690733158.1569624, 885012674.3208746, 1777150265.5139499, 981100550.9641708, 1339664040.66972, 1807253924.3231747, 840030870.5700933, 1774993748.3835974, 1434787121.8071163, 1678432735.269057, 1746763166.3377485, 885012675.1438363, 1209566530.306001, 1282750872.8317494, 1089365707.4613419, 1452857766.3598156, 1212345526.68117, 1237730901.7081068, 1039220972.9760282, 885498804.365986, 1432844690.761017, 885012675.394955, 1514317562.4520168, 973690367.4751002, 1219007051.131615, 1494125905.8558965, 853880742.8145438, 1720437026.2914863, 1325342730.8215883, 1441367257.0157733, 1733425149.848704, 1209566531.206001, 1209566531.2237184, 1269358233.2623425, 1098696032.8345864, 1446153178.704437, 1212156792.2289724, 1230844838.6316001, 1061422403.6391821, 911529131.572436, 1382930844.5577853, 934531975.6116979, 1506977848.8494875, 1023435687.7670846, 1216633755.4860723, 1419001482.833294, 954793629.7570556, 1607678936.0019944, 1293325941.6971827, 1414465412.0356145, 1628775352.150624, 1209566532.1060011, 1209566532.2019672, 1262697160.708369, 1105658930.9953754, 1389581170.3722606, 1211624593.864473, 1229172009.1327088, 1092159827.479177, 1008444000.5931749, 1328335913.8435352, 1008745606.0506468, 1434065098.6690166, 1038552418.200605, 1214450667.2963202, 1396329266.1805198, 979251560.2815025, 1476775133.0166376, 1277814396.914338, 1400285377.617286, 1506666903.7048988, 1008745606.9506468, 1143404692.9688993, 1232213166.9785068, 1090807156.8844843, 1349074538.047402, 1174507183.6111405, 1175159057.0626419, 1072120730.6081135, 1008462132.7994095, 1291258741.4887404, 1008745607.0476956, 1395786588.1604831, 1031891489.4808708, 1209922581.3560553, 1320346585.5412905, 984211612.5464603, 1422861506.8756013, 1218614632.1532166, 1367135284.3663821, 1403300400.2650251, 1090807157.7844844, 1132072034.414569, 1194333175.3330624, 1090807158.0628862, 1321052349.4038072, 1169022580.7073843, 1162534059.8934388, 1072192673.0281217, 1012913398.5963879, 1265585734.3026705, 1013248226.4184213, 1392172397.6695237, 1048338067.0700045, 1191462925.8856978, 1296869023.1003082, 996565274.5650139, 1360036375.4969814, 1202348361.6119082, 1322639385.7543125, 1337625728.2100165, 1090807158.9628863, 1126076991.7804937, 1183510473.8277533, 1090807159.1097395, 1294110535.219049, 1146713124.1103103, 1156807098.3789444, 1074057813.135986, 1021783953.0941895, 1206668236.4580004, 1019794314.5138234, 1332695288.0620468, 1057217568.6394893, 1176594032.0412939, 1293935515.3543768, 1017939971.7661784, 1290252507.5710714, 1171049966.938405, 1297891444.8153932, 1304302184.374204, 1017939972.6661783, 1088964070.6585984, 1130020996.263613, 1065962892.3686901, 1230463496.9726925, 1120763400.0280707, 1152370705.7405066, 1060380345.7906183, 1020831087.623373, 1193052438.5051067, 1019200946.4318407, 1287975223.7101653, 1049736151.5784563, 1150284122.5879774, 1282800162.5689678, 1017939972.7375405, 1201428359.0368452, 1131563462.8085158, 1222306918.2690318, 1266851466.6537426, 1017939973.5661783, 1066152258.8660669, 1099669812.92488, 1051107526.1454073, 1167976538.96815, 1111305495.0323102, 1146494487.8804739, 1060352845.3378757, 1020324136.3078386, 1179063229.8779569, 1019023804.6885687, 1278070891.5733066, 1038947860.7637779, 1120101275.092815, 1262612935.9208302, 1017939973.6421447, 1170810762.9928157, 1120462683.536811, 1220423373.1291099, 1196180271.7511656, 1146494488.780474, 1092052265.5300074, 1102039455.011754, 1073752571.2484117, 1162933235.8020265, 1122576474.3590524, 1146494488.8207066, 1084317238.771373, 1055771953.1530671, 1174504755.7430537, 1035979218.6632147, 1246235096.468215, 1062827822.3166509, 1127304012.2012455, 1238923108.8568501, 1054626020.6324526, 1169041331.2856085, 1121358707.7445567, 1203992107.3136952, 1183187356.8756716, 1146494489.680474, 1094606221.1347342, 1103463018.4740663, 1095334433.6006093, 1161727122.8726985, 1122676796.3681917, 1146494489.8451514, 1088111349.5293317, 1074035309.11681, 1168316007.9152787, 1041270626.1303465, 1242294922.592433, 1075898000.8342977, 1131280567.1667826, 1214254948.514923, 1063348466.1650403, 1164923344.7483482, 1128387744.1212754, 1202935574.1732526, 1180055680.208011, 1146494490.5804741, 1096796261.894508, 1109821234.9072142, 1100554555.2828245, 1161086645.4055676, 1126028708.0459018, 1146494490.8728797, 1106778142.517239, 1086212804.1263993, 1161020501.0550852, 1050784683.9204044, 1236700662.4014082, 1085578484.2344325, 1135888820.1089716, 1190600660.478037, 1078502733.2085207, 1161006058.709, 1129464404.2493558, 1195992781.2747488, 1173970469.3111684]
Minimum support: 0.5
Number of cores: 14
Number of patterns: 5
Number of invalid patterns: 177

0. date_time
1. id_site
2. Tpic
3. Dir
4. Etal
5. Tz
6. Hm0
7. Ts1
8. Ts2
9. Tc
10. Tav
11. Tint
12. Tp
13. EPS2
14. EPS4
15. Qp
16. S2
17. Tref
18. Tw
19. Batt
20. timestamp

File: data/directio8k.csv

Pattern : Support
['2+', '4+'] : 0.519
['2+', '3-', '8+', '11+', '14+'] : 0.521
['2+', '5+', '8+', '11+', '12+', '14+'] : 0.571
['2+', '3-', '5+', '7+', '8+', '14+'] : 0.515
['2+', '3-', '5+', '10+', '11+'] : 0.527


Iteration: Best Cost
0: 8.805064673200024e-06 
1: 2.175913938251914e-06 
2: 1.6617037115814101e-06 
3: 8.378324938251745e-07 
4: 7.056709837265214e-07 
5: 7.056709837265214e-07 
6: 2.412843857394172e-07 
7: 8.76026330548212e-08 
8: 8.76026330548212e-08 
9: 8.76026330548212e-08 
10: 8.76026330548212e-08 
11: 8.76026330548212e-08 
12: 8.76026330548212e-08 
13: 8.76026330548212e-08 
14: 8.76026330548212e-08 
15: 8.76026330548212e-08 
16: 8.76026330548212e-08 
17: 8.76026330548212e-08 
18: 8.76026330548212e-08 
19: 8.76026330548212e-08 
