Run-time: 0.39347362518310547 seconds
Total allocated memory size: 261.2 KiB
Algorithm: GA-GRAANK (v1.0)
Search Space: Bitmap
No. of (dataset) attributes: 10
No. of (dataset) tuples: 116
Population size: 8
PC: 0.776
Gamma: 0.746
Mu: 0.842
Sigma: 0.681
Number of iterations: 20
Number of cost evaluations: 240
Candidates: [108935.0, 169355.0, 108966.0, 169369.0, 106901.0, 168550.0, 108949.0, 170598.0, 108965.0, 108965.0, 108965.0, 108965.0, 104069.0, 108934.0, 104101.0, 108966.0, 12122.0, 12122.0, 157018.0, 157018.0, 108966.0, 169369.0, 108966.0, 169369.0, 157018.0, 169369.0, 157018.0, 169369.0, 169369.0, 169369.0, 169369.0, 169369.0, 169369.0, 170598.0, 169369.0, 170598.0, 169369.0, 157018.0, 169369.0, 157018.0, 157018.0, 169369.0, 157018.0, 169369.0, 157018.0, 157018.0, 157018.0, 157018.0, 157018.0, 157018.0, 157018.0, 157018.0, 157018.0, 157018.0, 157018.0, 157018.0, 157018.0, 157018.0, 157018.0, 157018.0, 157018.0, 157018.0, 157018.0, 157018.0, 157018.0, 157018.0, 157018.0, 157018.0, 157018.0, 157018.0, 157018.0, 157018.0, 157018.0, 157018.0, 157018.0, 157018.0, 157018.0, 157018.0, 157018.0, 157018.0, 157018.0, 157018.0, 157018.0, 157018.0, 157018.0, 157018.0, 157018.0, 157018.0, 157018.0, 157018.0, 157018.0, 157018.0, 157018.0, 157018.0, 157018.0, 157018.0, 157018.0, 157018.0, 157018.0, 157018.0, 157018.0, 157018.0, 157018.0, 157018.0, 157018.0, 157018.0, 157018.0, 157018.0, 157018.0, 157018.0, 157018.0, 157018.0, 157018.0, 157018.0, 157018.0, 157018.0, 157018.0, 157018.0, 157018.0, 157018.0, 157018.0, 157018.0, 157018.0, 157018.0, 157018.0, 157018.0, 157018.0, 157018.0, 157018.0, 157018.0, 157018.0, 157018.0, 157018.0, 157018.0, 157018.0, 157018.0, 157018.0, 157018.0, 157018.0, 157018.0, 157018.0, 157018.0, 157018.0, 157018.0, 157018.0, 157018.0, 157018.0, 157018.0, 157018.0, 157018.0, 157018.0, 157018.0, 157018.0, 157018.0, 157018.0, 157018.0, 157018.0, 157018.0, 157018.0, 157018.0, 157018.0, 157018.0, 157018.0, 157018.0, 157018.0, 157018.0, 157018.0, 157018.0, 157018.0, 157018.0, 157018.0, 157018.0, 157018.0, 157018.0, 157018.0, 157018.0, 157018.0, 157018.0, 157018.0, 157018.0, 157018.0, 157018.0, 157018.0, 157018.0, 157018.0, 157018.0, 157018.0, 157018.0, 157018.0, 157018.0, 157018.0, 157018.0, 157018.0, 157018.0, 157018.0, 157018.0, 157018.0, 157018.0, 157018.0, 157018.0, 157018.0, 157018.0, 157018.0, 157018.0, 157018.0, 157018.0, 157018.0, 157018.0, 157018.0, 157018.0, 157018.0, 157018.0, 157018.0, 157018.0, 157018.0, 157018.0, 157018.0, 157018.0, 157018.0, 157018.0, 157018.0, 157018.0, 157018.0, 157018.0, 157018.0, 157018.0, 157018.0, 157018.0, 157018.0, 157018.0, 157018.0, 157018.0, 157018.0, 157018.0, 157018.0, 157018.0, 157018.0, 157018.0, 157018.0, 157018.0]
Minimum support: 0.5
Number of cores: 14
Number of patterns: 2
Number of invalid patterns: 13

0. Age
1. BMI
2. Glucose
3. Insulin
4. HOMA
5. Leptin
6. Adiponectin
7. Resistin
8. MCP.1
9. Classification

File: data/breast_cancer.csv

Pattern : Support
['1+', '4+'] : 0.614
['2+', '6-'] : 0.508


Iteration: Best Cost
0: 0.001953125 
1: 0.0019047619047619048 
2: 0.0019047619047619048 
3: 0.0019047619047619048 
4: 0.0019047619047619048 
5: 0.0019047619047619048 
6: 0.0019047619047619048 
7: 0.0019047619047619048 
8: 0.0019047619047619048 
9: 0.0019047619047619048 
10: 0.0019047619047619048 
11: 0.0019047619047619048 
12: 0.0019047619047619048 
13: 0.0019047619047619048 
14: 0.0019047619047619048 
15: 0.0019047619047619048 
16: 0.0019047619047619048 
17: 0.0019047619047619048 
18: 0.0019047619047619048 
19: 0.0019047619047619048 
