Run-time: 8.489536762237549 seconds
Total allocated memory size: 271.5 KiB
Algorithm: GA-GRAANK (v1.0)
Search Space: Bitmap
No. of (dataset) attributes: 11
No. of (dataset) tuples: 1999
Population size: 8
PC: 0.776
Gamma: 0.746
Mu: 0.842
Sigma: 0.681
Number of iterations: 20
Number of cost evaluations: 240
Candidates: [13705.0, 14982.0, 42393.0, 39574.0, 23206.0, 22874.0, 23206.0, 22874.0, 23130.0, 38309.0, 23130.0, 38309.0, 22874.0, 22165.0, 22874.0, 22165.0, 38549.0, 22954.0, 38549.0, 22954.0, 23130.0, 22874.0, 23130.0, 22874.0, 22874.0, 23130.0, 22874.0, 23130.0, 22874.0, 38309.0, 22874.0, 38309.0, 38309.0, 22954.0, 38309.0, 22954.0, 22874.0, 22874.0, 22874.0, 22874.0, 38309.0, 22874.0, 38309.0, 22874.0, 22874.0, 22874.0, 22874.0, 22874.0, 22874.0, 22874.0, 22874.0, 22874.0, 22874.0, 22874.0, 22874.0, 22874.0, 22874.0, 22874.0, 22874.0, 22874.0, 22874.0, 22874.0, 22874.0, 22874.0, 22874.0, 22874.0, 22874.0, 22874.0, 22874.0, 22874.0, 22874.0, 22874.0, 22874.0, 22874.0, 22874.0, 22874.0, 22874.0, 22874.0, 22874.0, 22874.0, 22874.0, 22874.0, 22874.0, 22874.0, 22874.0, 22874.0, 22874.0, 22874.0, 22874.0, 22874.0, 22874.0, 22874.0, 22874.0, 22874.0, 22874.0, 22874.0, 22874.0, 22874.0, 22874.0, 22874.0, 22874.0, 22874.0, 22874.0, 22874.0, 22874.0, 22874.0, 22874.0, 22874.0, 22874.0, 22874.0, 22874.0, 22874.0, 22874.0, 22874.0, 22874.0, 22874.0, 22874.0, 22874.0, 22874.0, 22874.0, 22874.0, 22874.0, 22874.0, 22874.0, 22874.0, 22874.0, 22874.0, 22874.0, 22874.0, 22874.0, 22874.0, 22874.0, 22874.0, 22874.0, 22874.0, 22874.0, 22874.0, 22874.0, 22874.0, 22874.0, 22874.0, 22874.0, 22874.0, 22874.0, 22874.0, 22874.0, 22874.0, 22874.0, 22874.0, 22874.0, 22874.0, 22874.0, 22874.0, 22874.0, 22874.0, 22874.0, 22874.0, 22874.0, 22874.0, 22874.0, 22874.0, 22874.0, 22874.0, 22874.0, 22874.0, 22874.0, 22874.0, 22874.0, 22874.0, 22874.0, 22874.0, 22874.0, 22874.0, 22874.0, 22874.0, 22874.0, 22874.0, 22874.0, 22874.0, 22874.0, 22874.0, 22874.0, 22874.0, 22874.0, 22874.0, 22874.0, 22874.0, 22874.0, 22874.0, 22874.0, 22874.0, 22874.0, 22874.0, 22874.0, 22874.0, 22874.0, 22874.0, 22874.0, 22874.0, 22874.0, 22874.0, 22874.0, 22874.0, 22874.0, 22874.0, 22874.0, 22874.0, 22874.0, 22874.0, 22874.0, 22874.0, 22874.0, 22874.0, 22874.0, 22874.0, 22874.0, 22874.0, 22874.0, 22874.0, 22874.0, 22874.0, 22874.0, 22874.0, 22874.0, 22874.0, 22874.0, 22874.0, 22874.0, 22874.0, 22874.0, 22874.0, 22874.0, 22874.0, 22874.0, 22874.0, 22874.0, 22874.0, 22874.0, 22874.0, 22874.0]
Minimum support: 0.5
Number of cores: 14
Number of patterns: 1
Number of invalid patterns: 7

0. date_time
1. id_site
2. Rx
3. Hmax
4. Thmax
5. H1/3
6. Th1/3
7. Hmoy
8. Tmoy
9. Cambrure
10. Nb_Vagues

File: data/Omnidir_site2k.csv

Pattern : Support
['3-', '4-'] : 0.557


Iteration: Best Cost
0: 2.374845635033723e-05 
1: 2.374845635033723e-05 
2: 2.374845635033723e-05 
3: 2.374845635033723e-05 
4: 2.374845635033723e-05 
5: 2.374845635033723e-05 
6: 2.374845635033723e-05 
7: 2.374845635033723e-05 
8: 2.374845635033723e-05 
9: 2.374845635033723e-05 
10: 2.374845635033723e-05 
11: 2.374845635033723e-05 
12: 2.374845635033723e-05 
13: 2.374845635033723e-05 
14: 2.374845635033723e-05 
15: 2.374845635033723e-05 
16: 2.374845635033723e-05 
17: 2.374845635033723e-05 
18: 2.374845635033723e-05 
19: 2.374845635033723e-05 
