Run-time: 852.178905248642 seconds
Total allocated memory size: 282.8 KiB
Algorithm: GA-GRAANK (v1.0)
Search Space: Bitmap
No. of (dataset) attributes: 15
No. of (dataset) tuples: 9357
Population size: 20
PC: 0.382
Gamma: 0.547
Mu: 0.741
Sigma: 0.654
Number of iterations: 20
Number of cost evaluations: 320
Candidates: [15389258.0, 14016901.0, 11179626.0, 9808277.0, 5597573.0, 6989130.0, 5597589.0, 6989146.0, 5923961.0, 9803894.0, 5924201.0, 9804374.0, 6706585.0, 9873766.0, 6706585.0, 9873766.0, 11179626.0, 10917205.0, 11179626.0, 10917205.0, 6975592.0, 9875544.0, 6973033.0, 9873753.0, 10852694.0, 5920357.0, 10852694.0, 5920357.0, 11163285.0, 5597589.0, 11163285.0, 5597589.0, 9808277.0, 10852694.0, 9808277.0, 10852694.0, 5871978.0, 5920357.0, 5871978.0, 5920357.0, 5920357.0, 11179626.0, 5920357.0, 11179626.0, 10787158.0, 5531242.0, 10852694.0, 5596778.0, 11179626.0, 5597589.0, 11179626.0, 5597589.0, 5597589.0, 9808277.0, 5597589.0, 9808277.0, 9808277.0, 9808277.0, 9808277.0, 9808277.0, 5597529.0, 6989146.0, 5597529.0, 6989146.0, 5597589.0, 5920357.0, 5597589.0, 5920357.0, 11179626.0, 9808277.0, 11179626.0, 9808277.0, 5597589.0, 11179626.0, 5597589.0, 11179626.0, 5920357.0, 11179626.0, 5920357.0, 11179626.0, 5597589.0, 11179626.0, 5597589.0, 11179626.0, 9808277.0, 5597529.0, 9808277.0, 5597529.0, 5597529.0, 5597589.0, 5597529.0, 5597589.0, 11179626.0, 5597589.0, 11179626.0, 5597589.0, 11179626.0, 9808277.0, 11179626.0, 9808277.0, 5597589.0, 9808277.0, 5597589.0, 9808277.0, 11179626.0, 5597589.0, 11179626.0, 5597589.0, 5596778.0, 9808277.0, 5596778.0, 9808277.0, 11179626.0, 5597529.0, 11179626.0, 5597529.0, 9808277.0, 11179626.0, 9808277.0, 11179626.0, 9808277.0, 9808277.0, 9808277.0, 9808277.0, 11179626.0, 9808277.0, 11179626.0, 9808277.0, 9808277.0, 9808277.0, 9808277.0, 9808277.0, 9808277.0, 9808277.0, 9808277.0, 9808277.0, 9808277.0, 9808277.0, 9808277.0, 9808277.0, 5597529.0, 5596778.0, 5597529.0, 5596778.0, 9808277.0, 9808277.0, 9808277.0, 9808277.0, 5597529.0, 5597529.0, 5597529.0, 5597529.0, 9808277.0, 5596778.0, 9808277.0, 5596778.0, 5596778.0, 9808277.0, 5596778.0, 9808277.0, 9808277.0, 9808277.0, 9808277.0, 9808277.0, 9808277.0, 9808277.0, 9808277.0, 9808277.0, 5597529.0, 5597529.0, 5597529.0, 5597529.0, 9808277.0, 5596778.0, 9808277.0, 5596778.0, 5597529.0, 5596778.0, 5597529.0, 5596778.0, 9808277.0, 9808277.0, 9808277.0, 9808277.0, 5596778.0, 9808277.0, 5596778.0, 9808277.0, 9808277.0, 5597529.0, 9808277.0, 5597529.0, 5597529.0, 5596778.0, 5597529.0, 5596778.0, 5597529.0, 5597529.0, 5597529.0, 5597529.0, 5596778.0, 5597529.0, 5596778.0, 5597529.0, 5596778.0, 5596778.0, 5596778.0, 5596778.0, 5597529.0, 5597529.0, 5597529.0, 5597529.0, 5596778.0, 5597529.0, 5596778.0, 5597529.0, 5596778.0, 5596778.0, 5596778.0, 5596778.0, 5596778.0, 5596778.0, 5596778.0, 5596778.0, 5596778.0, 5596778.0, 5596778.0, 5596778.0, 5596778.0, 5596778.0, 5596778.0, 5596778.0, 5596778.0, 5596778.0, 5596778.0, 5596778.0, 5597529.0, 5597529.0, 5597529.0, 5597529.0, 5596778.0, 5596778.0, 5596778.0, 5596778.0, 5596778.0, 5596778.0, 5596778.0, 5596778.0, 5596778.0, 5596778.0, 5596778.0, 5596778.0, 5596778.0, 5596778.0, 5596778.0, 5596778.0, 5596778.0, 5596778.0, 5596778.0, 5596778.0, 5596778.0, 5596778.0, 5596778.0, 5596778.0, 5596778.0, 5596778.0, 5596778.0, 5596778.0, 5596778.0, 5596778.0, 5596778.0, 5596778.0, 5596778.0, 5596778.0, 5596778.0, 5596778.0, 5596778.0, 5596778.0, 5596778.0, 5596778.0, 5596778.0, 5596778.0, 5596778.0, 5596778.0, 5596778.0, 5596778.0, 5596778.0, 5596778.0, 5596778.0, 5596778.0, 5596778.0, 5596778.0, 5596778.0, 5596778.0, 5596778.0, 5596778.0, 5596778.0, 5596778.0, 5596778.0, 5596778.0, 5596778.0, 5596778.0, 5596778.0, 5596778.0, 5596778.0, 5596778.0, 5596778.0, 5596778.0, 5596778.0, 5596778.0, 5596778.0, 5596778.0, 5596778.0, 5596778.0, 5596778.0, 5596778.0, 5596778.0, 5596778.0, 5596778.0, 5596778.0]
Minimum support: 0.5
Number of cores: 14
Number of patterns: 2
Number of invalid patterns: 19

0. Date
1. Time
2. CO(GT)
3. PT08.S1(CO)
4. NMHC(GT)
5. C6H6(GT)
6. PT08.S2(NMHC)
7. NOx(GT)
8. PT08.S3(NOx)
9. NO2(GT)
10. PT08.S4(NO2)
11. PT08.S5(O3)
12. T
13. RH
14. AH

File: data/air_quality.csv

Pattern : Support
['3+', '5+', '6+', '8-', '10+'] : 0.562
['2-', '3-', '5-', '7-', '9-'] : 0.505


Iteration: Best Cost
0: 2.3301387131575944e-06 
1: 2.3301387131575944e-06 
2: 6.039920248893033e-07 
3: 6.039920248893033e-07 
4: 6.039920248893033e-07 
5: 6.039920248893033e-07 
6: 6.039920248893033e-07 
7: 6.039920248893033e-07 
8: 6.039920248893033e-07 
9: 6.039920248893033e-07 
10: 6.039920248893033e-07 
11: 6.039920248893033e-07 
12: 6.039920248893033e-07 
13: 6.039920248893033e-07 
14: 6.039920248893033e-07 
15: 6.039920248893033e-07 
16: 6.039920248893033e-07 
17: 6.039920248893033e-07 
18: 6.039920248893033e-07 
19: 6.039920248893033e-07 
