Run-time: 118.35266971588135 seconds
Total allocated memory size: 267.9 KiB
Algorithm: GA-GRAANK (v2.0)
Search Space: Numeric
No. of (dataset) attributes: 9
No. of (dataset) tuples: 10001
Population size: 17
PC: 0.5
Gamma: 527
Mu: 0.649
Sigma: 0.7
Number of iterations: 20
Number of cost evaluations: 320
Candidates: [1023, 0, 233, 0, 0, 1023, 0, 1023, 1023, 0, 1023, 0, 1023, 0, 33, 0, 0, 1023, 0, 1023, 1023, 0, 33, 0, 1023, 0, 1023, 0, 0, 1023, 0, 233, 1023, 0, 33, 0, 1023, 0, 33, 0, 0, 1023, 0, 233, 1023, 0, 233, 0, 0, 1023, 0, 223, 1023, 0, 233, 0, 0, 1023, 0, 233, 0, 1023, 0, 1023, 1023, 0, 223, 0, 0, 1023, 0, 1023, 1023, 0, 23, 0, 0, 1023, 0, 1023, 1023, 1023, 223, 1023, 1023, 0, 233, 0, 1023, 0, 33, 0, 1023, 0, 23, 0, 23, 23, 33, 33, 1023, 0, 1023, 0, 0, 1023, 0, 1023, 0, 1023, 0, 33, 0, 1023, 0, 233, 0, 1023, 0, 1023, 0, 1023, 0, 33, 0, 1023, 0, 233, 0, 1023, 0, 33, 33, 33, 33, 33, 1023, 0, 233, 0, 0, 1023, 0, 1023, 1023, 0, 233, 0, 0, 1023, 0, 1023, 33, 33, 33, 33, 1023, 0, 233, 0, 1023, 0, 1023, 0, 0, 1023, 0, 233, 33, 33, 33, 33, 33, 33, 33, 0, 33, 33, 0, 33, 33, 33, 33, 33, 33, 33, 33, 33, 33, 33, 33, 33, 33, 33, 33, 33, 33, 33, 33, 33, 33, 33, 33, 33, 33, 33, 33, 33, 33, 33, 33, 33, 33, 33, 33, 33, 33, 33, 33, 0, 33, 33, 33, 33, 33, 33, 33, 33, 33, 33, 0, 33, 33, 33, 33, 33, 33, 33, 33, 33, 33, 33, 33, 33, 33, 33, 33, 33, 33, 33, 33, 33, 33, 33, 33, 33, 33, 33, 33, 33, 33, 33, 33, 0, 33, 33, 33, 33, 33, 33, 33, 33, 33, 33, 33, 0, 33, 33, 0, 33, 33, 33, 33, 0, 33, 33, 33, 33, 33, 33, 33, 33, 33, 33, 33, 33, 33, 33, 0, 0, 33, 33, 33, 33, 33, 33, 33, 33, 33, 33, 33, 33, 33, 33, 0, 0, 33, 33, 33, 33]
Minimum support: 0.5
Number of cores: 14
Number of patterns: 1
Number of invalid patterns: 88

0. Date
1. Time
2. Global_active_power
3. Global_reactive_power
4. Voltage
5. Global_intensity
6. Sub_metering_1
7. Sub_metering_2
8. Sub_metering_3

File: data/power_consumption10k.csv

Pattern : Support
['2+', '4-'] : 0.758


Iteration: Best Cost
0: 2.636579915014065e-08 
1: 2.636579915014065e-08 
2: 2.636579915014065e-08 
3: 2.636579915014065e-08 
4: 2.636579915014065e-08 
5: 2.636579915014065e-08 
6: 2.636579915014065e-08 
7: 2.636579915014065e-08 
8: 2.636579915014065e-08 
9: 2.636579915014065e-08 
10: 2.636579915014065e-08 
11: 2.636579915014065e-08 
12: 2.636579915014065e-08 
13: 2.636579915014065e-08 
14: 2.636579915014065e-08 
15: 2.636579915014065e-08 
16: 2.636579915014065e-08 
17: 2.636579915014065e-08 
18: 2.636579915014065e-08 
19: 2.636579915014065e-08 
