Run-time: 4.185333013534546 seconds
Total allocated memory size: 277.1 KiB
Algorithm: GA-GRAANK (v2.0)
Search Space: Numeric
No. of (dataset) attributes: 11
No. of (dataset) tuples: 1999
Population size: 8
PC: 0.776
Gamma: 0.746
Mu: 0.842
Sigma: 0.681
Number of iterations: 20
Number of cost evaluations: 240
Candidates: [38471, 31396, 65535, 13966, 32958, 6187, 29588, 6877, 26793, 31715, 65535, 17115, 48888, 35901, 65535, 35001, 26679, 45732, 65535, 57322, 19483, 22845, 65535, 28455, 37209, 57913, 65535, 65535, 40442, 54680, 422, 46600, 65535, 65535, 55355, 55355, 29969, 17052, 65535, 65535, 31255, 33333, 12555, 33333, 65535, 65535, 55355, 55355, 32374, 15181, 22744, 51811, 32571, 13316, 25711, 33166, 30764, 18202, 7644, 65535, 33289, 33209, 32889, 32099, 34204, 33962, 42044, 39622, 29023, 31688, 20233, 11888, 24130, 21090, 41330, 10990, 31645, 27231, 16445, 65535, 24836, 15973, 48366, 59773, 34521, 33812, 44211, 38122, 24718, 16258, 47188, 62588, 28728, 17262, 65535, 65535, 27685, 18305, 65535, 65535, 13286, 11669, 12266, 16699, 9875, 8758, 8755, 7588, 18220, 22589, 65535, 25899, 30384, 28492, 33844, 24922, 18792, 15673, 65535, 56733, 9811, 9933, 8111, 9333, 20335, 21752, 355, 27522, 13624, 31807, 13244, 18077, 18379, 28887, 65535, 65535, 34494, 33672, 44944, 36722, 9425, 10319, 4255, 3199, 34189, 14055, 41889, 40555, 16061, 21915, 10611, 29155, 15162, 27482, 51622, 65535, 10945, 8799, 9445, 7999, 18827, 29417, 65535, 65535, 21891, 17063, 18991, 65535, 12991, 11242, 29911, 12422, 13864, 20601, 18644, 1, 16872, 19828, 65535, 65535, 19029, 15436, 65535, 54366, 29211, 12709, 65535, 27099, 7651, 8747, 7511, 7447, 2619, 5025, 6199, 55, 31672, 23460, 16722, 34600, 7593, 7497, 5993, 4497, 6591, 1107, 5911, 1077, 6027, 2728, 77, 7288, 33670, 8974, 33700, 9944, 14556, 20445, 45556, 4455, 17112, 33531, 65535, 35311, 5585, 3170, 5855, 1170, 6484, 5300, 6844, 3000, 10865, 9666, 8655, 6666, 4396, 30605, 3966, 6055]
Minimum support: 0.5
Number of cores: 14
Number of patterns: 4
Number of invalid patterns: 21

0. date_time
1. id_site
2. Rx
3. Hmax
4. Thmax
5. H1/3
6. Th1/3
7. Hmoy
8. Tmoy
9. Cambrure
10. Nb_Vagues

File: data/Omnidir_site2k.csv

Pattern : Support
['3+', '5+', '6+', '8+'] : 0.549
['3+', '5+', '8+', '10-'] : 0.599
['3+', '4+', '5+', '7+'] : 0.526
['3+', '5+', '7+', '9+'] : 0.712


Iteration: Best Cost
0: 6.9339952987511875e-06 
1: 1.2513906078129322e-06 
2: 1.2513906078129322e-06 
3: 1.2513906078129322e-06 
4: 1.122275255962929e-06 
5: 1.122275255962929e-06 
6: 1.122275255962929e-06 
7: 1.122275255962929e-06 
8: 7.033694208737536e-07 
9: 7.033694208737536e-07 
10: 7.033694208737536e-07 
11: 7.033694208737536e-07 
12: 7.033694208737536e-07 
13: 7.033694208737536e-07 
14: 5.040383553026851e-07 
15: 5.040383553026851e-07 
16: 5.040383553026851e-07 
17: 5.040383553026851e-07 
18: 5.040383553026851e-07 
19: 5.040383553026851e-07 
