Run-time: 88.05012345314026 seconds
Total allocated memory size: 301.5 KiB
Algorithm: GA-GRAANK (v2.0)
Search Space: Numeric
No. of (dataset) attributes: 98
No. of (dataset) tuples: 3942
Population size: 20
PC: 0.5
Gamma: 547
Mu: 0.741
Sigma: 0.654
Number of iterations: 20
Number of cost evaluations: 400
Candidates: [0, 1329227995784915872903807060280344575, 0, 1329227995784915872903807060280344575, 1329227995784915872903807060280344575, 0, 1292279957849158729008070602203445755, 0, 0, 1329227995784915872903807060280344575, 0, 1329227995784915872903807060280344575, 0, 1329227995784915872903807060280344575, 0, 1329227995784915872903807060280344575, 0, 1329227995784915872903807060280344575, 0, 1329227995784915872903807060280344575, 0, 1329227995784915872903807060280344575, 0, 1329227995784915872903807060280344575, 1329227995784915872903807060280344575, 0, 1329227995784915872903807060280344575, 0, 1329227995784915872903807060280344575, 0, 1329227995784915872903807060280344575, 0, 0, 1329227995784915872903807060280344575, 0, 1329227995784915872903807060280344575, 1329227995784915872903807060280344575, 0, 1329227995784915872903807060280344575, 0, 0, 1329227995784915872903807060280344575, 0, 1329227995784915872903807060280344575, 0, 1329227995784915872903807060280344575, 0, 1329227995784915872903807060280344575, 1329227995784915872903807060280344575, 0, 1329227995784915872903807060280344575, 0, 0, 1329227995784915872903807060280344575, 0, 1292227957849958872008077002800345755, 0, 1329227995784915872903807060280344575, 0, 1329227995784915872903807060280344575, 1329227995784915872903807060280344575, 0, 1329227995784915872903807060280344575, 0, 0, 1329227995784915872903807060280344575, 0, 1222279997889158879908070600803344755, 0, 1329227995784915872903807060280344575, 0, 1292227957889158829008807602880345775, 1329227995784915872903807060280344575, 0, 1329227995784915872903807060280344575, 0, 0, 1329227995784915872903807060280344575, 0, 1329227995784915872903807060280344575, 0, 1329227995784915872903807060280344575, 0, 1329227995784915872903807060280344575, 1329227995784915872903807060280344575, 0, 1329227995784915872903807060280344575, 0, 1329227995784915872903807060280344575, 0, 1329227995784915872903807060280344575, 0, 0, 1329227995784915872903807060280344575, 0, 1292279997849118829938070602803445575, 0, 1329227995784915872903807060280344575, 0, 1329227995784915872903807060280344575, 1329227995784915872903807060280344575, 0, 1329227995784915872903807060280344575, 0, 1329227995784915872903807060280344575, 0, 1329227995784915872903807060280344575, 0, 0, 1329227995784915872903807060280344575, 0, 1292229957884118879038070000803444755, 1329227995784915872903807060280344575, 0, 1222227997889155779908070602203345575, 0, 0, 1329227995784915872903807060280344575, 0, 1322229997889158829933877602283445755, 0, 1329227995784915872903807060280344575, 0, 1329227995784915872903807060280344575, 1329227995784915872903807060280344575, 0, 1329227995784915872903807060280344575, 0, 1329227995784915872903807060280344575, 0, 1329227995784915872903807060280344575, 0, 1329227995784915872903807060280344575, 0, 1292279955849955822038007602880445755, 0, 0, 1329227995784915872903807060280344575, 0, 1222277957849158729038070602200344555, 1329227995784915872903807060280344575, 0, 1329227995784915872903807060280344575, 0, 0, 1329227995784915872903807060280344575, 0, 1329227995784915872903807060280344575, 0, 1329227995784915872903807060280344575, 0, 1329227995784915872903807060280344575, 0, 1329227995784915872903807060280344575, 0, 1329227995784915872903807060280344575, 1329227995784915872903807060280344575, 0, 1329227995784915872903807060280344575, 0, 0, 1329227995784915872903807060280344575, 0, 1329227995784915872903807060280344575, 1329227995784915872903807060280344575, 0, 1329227995784915872903807060280344575, 0, 0, 1329227995784915872903807060280344575, 0, 1299279957889158779933007662883444775, 1329227995784915872903807060280344575, 0, 1292279957889958729038000602880444755, 0, 0, 1329227995784915872903807060280344575, 0, 1329227995784915872903807060280344575, 1329227995784915872903807060280344575, 0, 1329227995784915872903807060280344575, 0, 1329227995784915872903807060280344575, 0, 1329227995784915872903807060280344575, 0, 1329227995784915872903807060280344575, 0, 1329227995784915872903807060280344575, 0, 0, 1329227995784915872903807060280344575, 0, 1329227995784915872903807060280344575, 1329227995784915872903807060280344575, 0, 1329227995784915872903807060280344575, 0, 0, 1329227995784915872903807060280344575, 0, 1329227995784915872903807060280344575, 595696608039047329517656480201834496, 931954474780102811121442061734117376, 996696080090073225116564802208344966, 911544777801028811214420617344173776, 1329227995784915872903807060280344575, 0, 1292279997849955729938070602800445755, 0, 1329227995784915872903807060280344575, 0, 1299279957889158779038000060203445555, 0, 1329227995784915872903807060280344575, 0, 1329227995784915872903807060280344575, 0, 0, 1329227995784915872903807060280344575, 0, 1329227995784915872903807060280344575, 0, 1329227995784915872903807060280344575, 0, 1329227995784915872903807060280344575, 0, 1329227995784915872903807060280344575, 0, 1329227995784915872903807060280344575, 0, 1329227995784915872903807060280344575, 0, 1329227995784915872903807060280344575, 0, 1329227995784915872903807060280344575, 0, 1329227995784915872903807060280344575, 1329227995784915872903807060280344575, 0, 1329227995784915872903807060280344575, 0, 1329227995784915872903807060280344575, 0, 1329227995784915872903807060280344575, 0, 1329227995784915872903807060280344575, 0, 1322279997744158729008870602283445555, 0, 1329227995784915872903807060280344575, 0, 1329227995784915872903807060280344575, 0, 1329227995784915872903807060280344575, 0, 1222227957849158729933070602800445575, 0, 1329227995784915872903807060280344575, 0, 1329227995784915872903807060280344575, 0, 1329227995784915872903807060280344575, 0, 1329227995784915872903807060280344575, 0, 0, 1329227995784915872903807060280344575, 0, 1329227995784915872903807060280344575, 1329227995784915872903807060280344575, 0, 1329227995784915872903807060280344575, 0, 1329227995784915872903807060280344575, 0, 1222279957849158822938870602800445755, 0, 1329227995784915872903807060280344575, 0, 1329227995784915872903807060280344575, 0, 0, 1329227995784915872903807060280344575, 0, 1329227995784915872903807060280344575, 1329227995784915872903807060280344575, 0, 1329227995784915872903807060280344575, 0, 0, 1329227995784915872903807060280344575, 0, 1329227995784915872903807060280344575, 0, 1329227995784915872903807060280344575, 0, 1329227995784915872903807060280344575, 1329227995784915872903807060280344575, 0, 1329227995784915872903807060280344575, 0, 1329227995784915872903807060280344575, 0, 1329227995784915872903807060280344575, 0, 1329227995784915872903807060280344575, 0, 1329227995784915872903807060280344575, 0, 0, 1329227995784915872903807060280344575, 0, 1329227995784915872903807060280344575, 0, 1329227995784915872903807060280344575, 0, 1329227995784915872903807060280344575, 0, 1329227995784915872903807060280344575, 0, 1329227995784915872903807060280344575, 0, 1329227995784915872903807060280344575, 0, 1329227995784915872903807060280344575, 0, 1329227995784915872903807060280344575, 0, 1329227995784915872903807060280344575, 1329227995784915872903807060280344575, 0, 1329227995784915872903807060280344575, 0, 1329227995784915872903807060280344575, 0, 1329227995784915872903807060280344575, 0, 0, 1329227995784915872903807060280344575, 0, 1322229957789915729033077602803444775, 1329227995784915872903807060280344575, 0, 1329227995784915872903807060280344575, 0, 1329227995784915872903807060280344575, 0, 1292279957849155722038070062800345755, 0, 0, 1329227995784915872903807060280344575, 0, 1222279957849918729033077602883444555, 1329227995784915872903807060280344575, 0, 1329227995784915872903807060280344575, 0, 1329227995784915872903807060280344575, 0, 1329227995784915872903807060280344575, 0, 0, 1329227995784915872903807060280344575, 0, 1222279995849118729938070002800445575, 1329227995784915872903807060280344575, 0, 1329227995784915872903807060280344575, 0, 1329227995784915872903807060280344575, 0, 1292229957749158729008800660803445755, 0, 1329227995784915872903807060280344575, 0, 1222279955889158722008077602803444575, 0, 1329227995784915872903807060280344575, 0, 1329227995784915872903807060280344575, 0, 1329227995784915872903807060280344575, 0, 1329227995784915872903807060280344575, 0, 1329227995784915872903807060280344575, 0, 1329227995784915872903807060280344575, 0, 0, 1329227995784915872903807060280344575, 0, 1299279955849155729003070062803445755, 0, 1329227995784915872903807060280344575, 0, 1329227995784915872903807060280344575]
Minimum support: 0.5
Number of cores: 14
Number of patterns: 2
Number of invalid patterns: 399

0. nr
1. i1_legid
2. i1_rcs_p
3. i1_rcs_e
4. i1_dep_1_p
5. i1_dep_1_e
6. i1_dep_1_place
7. i1_rcf_1_p
8. i1_rcf_1_e
9. i1_rcf_1_place
10. i1_dep_2_p
11. i1_dep_2_e
12. i1_dep_2_place
13. i1_rcf_2_p
14. i1_rcf_2_e
15. i1_rcf_2_place
16. i1_dep_3_p
17. i1_dep_3_e
18. i1_dep_3_place
19. i1_rcf_3_p
20. i1_rcf_3_e
21. i1_rcf_3_place
22. i1_dlv_p
23. i1_dlv_e
24. i1_hops
25. i2_legid
26. i2_rcs_p
27. i2_rcs_e
28. i2_dep_1_p
29. i2_dep_1_e
30. i2_dep_1_place
31. i2_rcf_1_p
32. i2_rcf_1_e
33. i2_rcf_1_place
34. i2_dep_2_p
35. i2_dep_2_e
36. i2_dep_2_place
37. i2_rcf_2_p
38. i2_rcf_2_e
39. i2_rcf_2_place
40. i2_dep_3_p
41. i2_dep_3_e
42. i2_dep_3_place
43. i2_rcf_3_p
44. i2_rcf_3_e
45. i2_rcf_3_place
46. i2_dlv_p
47. i2_dlv_e
48. i2_hops
49. i3_legid
50. i3_rcs_p
51. i3_rcs_e
52. i3_dep_1_p
53. i3_dep_1_e
54. i3_dep_1_place
55. i3_rcf_1_p
56. i3_rcf_1_e
57. i3_rcf_1_place
58. i3_dep_2_p
59. i3_dep_2_e
60. i3_dep_2_place
61. i3_rcf_2_p
62. i3_rcf_2_e
63. i3_rcf_2_place
64. i3_dep_3_p
65. i3_dep_3_e
66. i3_dep_3_place
67. i3_rcf_3_p
68. i3_rcf_3_e
69. i3_rcf_3_place
70. i3_dlv_p
71. i3_dlv_e
72. i3_hops
73. o_legid
74. o_rcs_p
75. o_rcs_e
76. o_dep_1_p
77. o_dep_1_e
78. o_dep_1_place
79. o_rcf_1_p
80. o_rcf_1_e
81. o_rcf_1_place
82. o_dep_2_p
83. o_dep_2_e
84. o_dep_2_place
85. o_rcf_2_p
86. o_rcf_2_e
87. o_rcf_2_place
88. o_dep_3_p
89. o_dep_3_e
90. o_dep_3_place
91. o_rcf_3_p
92. o_rcf_3_e
93. o_rcf_3_place
94. o_dlv_p
95. o_dlv_e
96. o_hops
97. legs

File: data/c2k.csv

Pattern : Support
['0+', '23+'] : 0.505
['0+', '1+'] : 0.518


Iteration: Best Cost
0: 1 
1: 1 
2: 1 
3: 1 
4: 1 
5: 1 
6: 1 
7: 1 
8: 1 
9: 1 
10: 0.3333333333333333 
11: 0.3333333333333333 
12: 0.3333333333333333 
13: 0.3333333333333333 
14: 0.3333333333333333 
15: 0.3333333333333333 
16: 0.3333333333333333 
17: 0.3333333333333333 
18: 0.3333333333333333 
19: 0.3333333333333333 
