Run-time: 249.61923265457153 seconds
Total allocated memory size: 283.8 KiB
Algorithm: GA-GRAANK (v2.0)
Search Space: Numeric
No. of (dataset) attributes: 15
No. of (dataset) tuples: 9357
Population size: 20
PC: 0.5
Gamma: 547
Mu: 0.741
Sigma: 0.654
Number of iterations: 20
Number of cost evaluations: 400
Candidates: [16777215, 0, 16777215, 0, 0, 16777215, 0, 16777215, 16777215, 0, 16777215, 0, 16777215, 0, 16777215, 0, 0, 16777215, 0, 16777215, 16777215, 0, 16777215, 0, 0, 16777215, 0, 16777215, 0, 16777215, 0, 16777215, 0, 16777215, 0, 16777215, 0, 16777215, 0, 16777215, 0, 16777215, 0, 16777215, 16777215, 0, 16777215, 0, 0, 16777215, 0, 16777155, 16777215, 0, 16777215, 0, 16777215, 0, 16777215, 0, 16777215, 0, 16777215, 0, 16777215, 16777215, 16777215, 16772255, 16777215, 16777215, 16777215, 16777215, 16777215, 0, 16777215, 0, 16777215, 0, 16777215, 0, 16777215, 16777215, 16777215, 16777215, 16777215, 16777215, 16777215, 16777215, 16777215, 16777215, 16777155, 16777155, 16777215, 16777215, 16777215, 16777215, 16777215, 16777215, 16777215, 16777215, 16777215, 16777215, 16777215, 16777215, 16777215, 16777215, 16777215, 16772115, 16777215, 16777215, 16777215, 16777215, 16777215, 16777215, 16777215, 16777215, 16777215, 16777215, 16777215, 16777215, 16777215, 16777215, 16777215, 16777215, 16766205, 16777215, 16777215, 16777215, 16777215, 16777215, 16777215, 16777215, 16777215, 16777215, 16777215, 16777215, 16777215, 16777215, 16777215, 16777215, 16777215, 16777215, 16777215, 16777215, 16777215, 16777215, 16777215, 16777215, 16777215, 16746775, 16777215, 16777215, 16754096, 16777215, 16777215, 16777215, 16777215, 16777215, 16777215, 16772155, 15373924, 16777215, 16777215, 16777215, 16777215, 15666686, 16777215, 15666866, 16777155, 16777155, 16777215, 16777155, 16760694, 16777215, 16777215, 16777215, 16777215, 16777215, 16777215, 16777215, 16777215, 16777215, 16777215, 16777215, 16607094, 16777215, 16070944, 16777215, 16777215, 16777215, 16777215, 16777215, 16771701, 16777215, 16777215, 16777215, 16777155, 16777155, 16777215, 16777215, 16759579, 16777215, 16777215, 16777215, 16777215, 16769910, 16777215, 16777215, 16751412, 16777215, 16777215, 16777215, 16747702, 16777215, 16777215, 16777215, 16777215, 16771763, 16777215, 16771633, 0, 16777215, 0, 16777215, 16777215, 0, 16777215, 0, 16744463, 16777215, 16777215, 16777215, 16777215, 16777215, 16777215, 16777215, 16777215, 16777215, 16777215, 16777215, 16777215, 16777215, 16777215, 16777215, 16777215, 16777215, 16777215, 16777215, 16772310, 16777215, 16777215, 16777215, 14762009, 16777215, 14620099, 16777215, 0, 16777215, 0, 16777215, 16777215, 16758758, 16777215, 16777215, 16777215, 16777215, 16777215, 16777215, 16777215, 16745074, 16777215, 16450744, 16777215, 15767488, 16772215, 16777215, 16777215, 16777215, 16777215, 16777215, 0, 16777215, 0, 16777215, 16777215, 16777215, 16777215, 16772155, 16777215, 16777215, 16777215, 16777215, 16777215, 16777215, 16777215, 16777215, 16777215, 16777215, 16777215, 16777215, 16777215, 16777215, 16777215, 16777215, 16777215, 15406683, 16777215, 16777215, 16777215, 16764068, 16777215, 16777215, 16434529, 16777215, 16777215, 16777215, 16777215, 16769212, 16777215, 16777215, 16777215, 0, 16777215, 0, 16777215, 0, 16777215, 0, 16777215, 16777215, 16777215, 16777215, 15093215, 16777215, 10933255, 16777215, 16777215, 16227818, 16777215, 16777215, 16777215, 16777215, 16777215, 16777215, 16774053, 16777215, 16777215, 16777215, 16777215, 16777215, 16777215, 16777215, 16752074, 16777215, 16777215, 16777215, 16777215, 16777215, 16777215, 16777215, 16777215, 16765290, 16777215, 16777215, 16777215, 16350832, 16777215, 16777215, 0, 16777215, 0, 16777215, 16222518, 16777215, 16777215, 16777215, 16777215, 16777215, 16777215, 16777215, 16777215, 16777215, 16777215, 16777215, 16777215, 14433154, 16777215, 16777215, 16777215, 16777215, 16777215, 16777215, 16771581, 16777215, 16777215, 16777215, 16777215, 16777215, 16777215, 16777215]
Minimum support: 0.5
Number of cores: 14
Number of patterns: 2
Number of invalid patterns: 60

0. Date
1. Time
2. CO(GT)
3. PT08.S1(CO)
4. NMHC(GT)
5. C6H6(GT)
6. PT08.S2(NMHC)
7. NOx(GT)
8. PT08.S3(NOx)
9. NO2(GT)
10. PT08.S4(NO2)
11. PT08.S5(O3)
12. T
13. RH
14. AH

File: data/air_quality.csv

Pattern : Support
['2+', '3+', '5+', '6+', '7+', '9+'] : 0.505
['2+', '3+', '5+', '6+', '9+', '11+'] : 0.508


Iteration: Best Cost
0: 1.0774329513474377e-06 
1: 1.0774329513474377e-06 
2: 9.416665803472302e-07 
3: 9.416665803472302e-07 
4: 9.416665803472302e-07 
5: 9.416665803472302e-07 
6: 9.416665803472302e-07 
7: 9.416665803472302e-07 
8: 1.206786047574161e-07 
9: 1.206786047574161e-07 
10: 1.206786047574161e-07 
11: 1.206786047574161e-07 
12: 1.206786047574161e-07 
13: 1.206786047574161e-07 
14: 1.206786047574161e-07 
15: 1.206786047574161e-07 
16: 1.206786047574161e-07 
17: 1.206786047574161e-07 
18: 1.206786047574161e-07 
19: 1.206786047574161e-07 
