Run-time: 427.8279802799225 seconds
Total allocated memory size: 291.1 KiB
Algorithm: PSO-GRAANK (v2.0)
Search Space: Numeric
No. of (dataset) attributes: 21
No. of (dataset) tuples: 8074
Particle population: 20
Velocity coeff.: 0.77
Personal coeff.: 0.649
Global coeff.: 0.352
Number of iterations: 20
Number of cost evaluations: 400
Candidates: [944496716, 1459376235, 3502293463, 2073749788, 2086235086, 4138874302, 2858858187, 2208506342, 766018213, 272387853, 694916415, 2987541131, 3876374953, 1534909443, 2832718933, 3693099687, 859130173, 4276061229, 437357587, 2267672269, 3693099687.77, 1580487300.9917738, 3513777006.35936, 2112645762.5106754, 2139236593.5617325, 4017993589.357099, 3146647746.6449013, 2225804003.6474724, 1448063004.0200262, 1034004964.7629777, 1495801047.868384, 3051344469.479185, 3832239167.0503564, 1917362890.8199072, 2982562597.8207893, 3693099687.7831516, 1265054369.0703406, 4212555983.1959496, 932739224.3402759, 2481167014.2735643, 3693099688.54, 2065493814.7013156, 3527638259.2178006, 2126215717.7482445, 2453549120.477317, 3951951975.0170126, 3255726287.9840612, 2324220348.944098, 2209230335.0665255, 1805179163.451197, 1638835241.5389178, 3103379332.66131, 3796321652.137561, 2015337876.1733882, 3098280844.92861, 3693099688.664563, 1763225304.4109745, 4094679117.175002, 1152425643.4793508, 2675016926.6252127, 3693099689.31, 2352100010.6143866, 3552753312.0989075, 2377043167.4229355, 2570058882.281142, 3907127353.9897146, 3273761509.825428, 2755290121.777566, 2697738343.116164, 1954120974.7570212, 1794348089.9834766, 3161562249.65414, 3782672231.979641, 2555349631.2583303, 3223914208.91409, 3693099689.582734, 1969469398.7114341, 4044384387.6172214, 1201555495.001513, 2712617086.651538, 2352100011.3843865, 2352100011.4122767, 3166159523.9113855, 2370528960.19329, 2563575766.0779133, 3575959043.249846, 3058591553.881415, 2634268787.11784, 2618429910.1036406, 2066649489.1024187, 1882783457.8489747, 3072338848.4154205, 3515681890.543829, 2502095241.097538, 3165855523.229857, 3415823414.2657547, 2016901692.0235643, 3805102097.273522, 1287644330.010735, 2655017746.3654737, 3072338849.1854205, 2394962629.014694, 3157364136.1934133, 2570105674.7903466, 2722160585.48237, 3498146995.477384, 3059318382.4856095, 2778376105.7170677, 2698022668.910779, 2158501555.373639, 2064720557.808682, 3072338849.2201157, 3405029311.672414, 2617077956.28373, 3138430434.093839, 3317324606.2768397, 2366620896.9730244, 3560667281.290252, 1608949992.2220535, 2764268275.384163, 2394962629.784694, 2394962629.9200907, 2904878777.2887897, 2533810030.367552, 2663369887.312024, 3259526136.8610144, 2877182848.661066, 2716991616.7636786, 2608000564.0402174, 2189087659.8590045, 2086205584.414415, 2910028496.160575, 3152329969.858185, 2587823741.344224, 3053389176.9147515, 3007413604.7532015, 2374992780.860561, 3234903163.540853, 1745664114.3635168, 2727379305.018445, 2394962630.554694, 2394962630.906127, 2823791022.4116626, 2516868252.1500607, 2628152807.9706235, 3077415703.002028, 2803172945.933566, 2650618902.519798, 2602378813.189238, 2199150349.958187, 2186432938.889378, 2845849986.5316367, 2966167839.436309, 2573997700.6269484, 2833734795.5982594, 2923602021.1899357, 2377770326.2462273, 3153135272.3327217, 1954330616.0519233, 2650623424.840246, 2394962631.324694, 2394962631.738998, 2708208381.9236927, 2499163498.431844, 2581862123.987189, 3068054638.8728595, 2673628108.287465, 2630397904.4497128, 2573871407.3723187, 2262015643.9360456, 2256159021.3326616, 2767002052.6489587, 2887620063.7237983, 2565941936.9394927, 2745128895.0735397, 2858265825.2279716, 2381209446.7473893, 3112000314.6446424, 2069055585.986415, 2561070202.8532043, 2630397905.2197127, 2413997634.9693055, 2683265895.2792864, 2530536367.3184657, 2593172254.9677286, 2969704339.957988, 2662100696.5084515, 2630397905.295938, 2587595538.574834, 2317177725.767054, 2352373886.721873, 2740645817.655253, 2828839252.764799, 2584568029.09098, 2723685877.341644, 2791563546.6062903, 2456199326.479766, 3106585671.729441, 2142789582.8580892, 2578413309.436165, 2630397905.9897127, 2420158069.160447, 2673195608.825128, 2534509440.211687, 2600127592.022997, 2958841046.0256557, 2651726114.7834954, 2630397906.1143174, 2595966017.2818522, 2422581409.0466604, 2404249778.610703, 2717814415.4632483, 2762030343.3837667, 2600659141.9751263, 2715399405.114072, 2738328020.84479, 2466268070.1889315, 2988517217.4997654, 2258069497.161434, 2593676789.647643, 2600659142.7451262, 2431944855.9073954, 2671755567.0481167, 2542244071.774247, 2600276126.9326735, 2954890126.285941, 2645193059.234809, 2621873325.93675, 2597082907.110457, 2479492558.87391, 2466708296.6867094, 2694485971.0828753, 2742954730.7129045, 2600659142.8329344, 2706364322.007684, 2737860951.13395, 2498176275.881478, 2953171191.4233503, 2313302042.3426156, 2594357876.035158, 2600659143.515126, 2453163071.6862044, 2648403931.5611773, 2561520410.195612, 2600370349.176963, 2871329681.0373144, 2641356587.2246776, 2617742148.0976553, 2597456634.2995367, 2485320945.389446, 2471435406.9301, 2676143528.6130924, 2729943502.9253006, 2600659143.743427, 2684766703.8974013, 2736816203.6307635, 2498623722.8704805, 2837858800.156769, 2404567510.74234, 2594605495.913732, 2600659144.285126, 2473555635.16769, 2637025010.060435, 2569331466.823521, 2600400366.1003213, 2811466319.4660497, 2629585074.774416, 2612288982.928093, 2598420854.0928373, 2510172648.771182, 2497219925.0650687, 2662007054.8788643, 2721296840.993394, 2600659144.616078, 2663022331.479561, 2728505101.4084315, 2499493173.01317, 2787677443.06978, 2461915737.0011005, 2595319800.602515, 2600659145.055126, 2494380398.4628124, 2632245338.6448083, 2574860742.0581455, 2600453056.430048, 2747362015.5102673, 2629315240.654844, 2608610344.6142783, 2598808349.615003, 2515389138.666704, 2506780570.192981, 2661675849.1138515, 2717850399.408215, 2600659145.5326214, 2643007777.2953725, 2705834529.9886, 2502679413.6771584, 2738419981.1483955, 2488461608.9350815, 2596704336.1805377, 2600453057.200048, 2511736118.832654, 2631175059.8003507, 2580047550.784916, 2600453057.377599, 2735705659.6033106, 2628825676.5087395, 2607083770.710877, 2598937905.764328, 2533230447.502303, 2512675560.183368, 2640643716.328225, 2708346373.901582, 2600590446.9155054, 2634067888.364505, 2670249685.501796, 2529658657.9333553, 2715172655.231645, 2510561004.4302325, 2596975786.298332, 2600453057.970048, 2530064682.262451, 2623384518.9205885, 2587002698.310387, 2600453058.2187233, 2704436112.3404546, 2621197190.535754, 2605698026.4940133, 2599110008.924986, 2542764109.2586546, 2537665879.823021, 2634858717.413652, 2678339691.947827, 2600559720.270034, 2624393874.472597, 2652969032.572139, 2537561602.8915696, 2694638746.3337255, 2522145760.213731, 2597693478.325928, 2600453058.9887233, 2552492547.296033, 2615427795.914324, 2587231157.355218, 2600453059.13201, 2682574266.179857, 2614262601.0675993, 2604394020.0972977, 2599209186.8048577, 2560718048.9010453, 2546963799.5282583, 2633466170.4915967, 2662489096.9196777, 2600557517.240331, 2618513321.7370353, 2641723079.667883, 2548836583.3317375, 2680626057.00643, 2545437834.1373653, 2598421911.540221, 2552492548.066033, 2552492548.245838, 2593408303.9964933, 2584772573.3674035, 2588079574.3236785, 2675633831.072353, 2605633924.1754494, 2586479045.5491652, 2592293290.503368, 2558104689.175084, 2548378634.5220733, 2607296165.1798387, 2657437280.991139, 2586886387.5369787, 2599426397.287079, 2612279316.143709, 2549821595.4834847, 2646905879.421802, 2546401825.2938256, 2584616467.001083, 2552492548.836033, 2552492549.152818, 2584570300.886729, 2577817921.184148, 2579757322.6500793, 2638550810.342628, 2597982103.9167314, 2579247015.892511, 2578916909.644222, 2557785001.4459486, 2549757764.905511, 2597487191.0992336, 2634620608.5101867, 2580292689.374336, 2593545497.508654, 2608738964.0602584, 2550527529.0648556, 2618484835.318482, 2548010973.2311335, 2579820736.7208285]
Minimum support: 0.5
Number of cores: 14
Number of patterns: 6
Number of invalid patterns: 167

0. date_time
1. id_site
2. Tpic
3. Dir
4. Etal
5. Tz
6. Hm0
7. Ts1
8. Ts2
9. Tc
10. Tav
11. Tint
12. Tp
13. EPS2
14. EPS4
15. Qp
16. S2
17. Tref
18. Tw
19. Batt
20. timestamp

File: data/directio8k.csv

Pattern : Support
['2+', '3-', '7+', '11+', '14+'] : 0.506
['2+', '4+'] : 0.519
['2+', '3-', '8+', '10+', '11+', '14+'] : 0.52
['2+', '3-', '5+', '10+', '11+', '14+'] : 0.509
['2+', '3-', '5+', '7+', '8+', '10+', '14+'] : 0.515
['2+', '3-', '7+', '10+', '11+'] : 0.514


Iteration: Best Cost
0: 8.639794027310389e-07 
1: 8.639794027310389e-07 
2: 8.639794027310389e-07 
3: 8.639794027310389e-07 
4: 8.639794027310389e-07 
5: 7.174893040282002e-07 
6: 7.174893040282002e-07 
7: 6.708563884312158e-07 
8: 4.599758880639477e-07 
9: 4.599758880639477e-07 
10: 3.862058098484799e-07 
11: 3.687497833595023e-07 
12: 3.687497833595023e-07 
13: 3.687497833595023e-07 
14: 2.478182084924326e-07 
15: 2.478182084924326e-07 
16: 2.478182084924326e-07 
17: 2.478182084924326e-07 
18: 1.8786158658878676e-07 
19: 1.8786158658878676e-07 
