Run-time: 395.45055651664734 seconds
Total allocated memory size: 288.6 KiB
Algorithm: PSO-GRAANK (v2.0)
Search Space: Numeric
No. of (dataset) attributes: 21
No. of (dataset) tuples: 8074
Particle population: 20
Velocity coeff.: 0.77
Personal coeff.: 0.649
Global coeff.: 0.352
Number of iterations: 20
Number of cost evaluations: 400
Candidates: [1522688092, 278463242, 4159474271, 2392498333, 1666240914, 2784879036, 1653383706, 1173760453, 3423556860, 2150748272, 2941855728, 1474978991, 1661144087, 3080138788, 1252991399, 3409693049, 3539756891, 1312457169, 560821564, 994272185, 1312457169.77, 555046390.2540183, 3505349636.089549, 2137135614.1270976, 1580098257.210289, 2267873445.3829613, 1537830294.6770236, 1194860768.3286598, 2706807283.5234184, 2149888201.461931, 2370707478.73888, 1437503610.655502, 1558071183.69855, 2676945429.3878417, 1267831839.259441, 3348718489.748688, 3439924193.320517, 1312457169.807928, 698528361.7181765, 1046504636.7005023, 2676945430.1578417, 636585337.6895816, 3275076591.2513204, 2323266396.465519, 1921228818.878965, 2390704706.315208, 1834420114.4070432, 1641370382.2813506, 2702304028.9774923, 2258801932.284125, 2468903695.8467364, 1741245302.0074723, 1788821239.658801, 2676945430.2038107, 1517140546.2239392, 3157130356.544655, 3234175677.670136, 1458518496.4573908, 1167377515.9989095, 1103976209.7988558, 1834420115.1770432, 638314366.4928993, 3004352204.3612475, 2177820576.693933, 1891863212.5969923, 2319780699.2135415, 1834420115.290923, 1680481463.3617315, 2681405387.542864, 2146507907.5243738, 2260372327.758068, 1773042632.2486863, 1794937122.9938343, 2460542736.289549, 1616738546.4907436, 3015108581.03179, 2995475085.84175, 1569505978.580143, 1245959937.643437, 1305658103.2469368, 1834420115.9470432, 711949363.3425021, 2833513765.287566, 2113286620.328966, 1886258364.8722444, 2176238315.8692613, 1834420116.2090192, 1682761744.9178896, 2638763042.3823504, 2069802039.5913107, 2212389340.9666657, 1778854985.860022, 1806517143.361832, 2452171962.622237, 1675193041.5291624, 2711332283.85679, 2863624751.305027, 1571117597.05802, 1437483895.2609072, 1320003221.8384817, 1834420116.9790192, 748192696.5794721, 2535189647.095666, 2094585824.5249887, 1884199025.6176193, 2083035006.7976239, 1834420117.062432, 1728253762.950372, 2615887310.822526, 1996083088.033751, 2210313147.0747423, 1797413354.5689664, 1816315830.5212042, 2369806485.7751465, 1685497248.9218974, 2647537232.277584, 2720509008.2209, 1596035491.8227828, 1457646892.4322553, 1458076679.2113256, 2210313147.8447423, 1074914904.5209723, 2472560743.087765, 2094769506.032565, 1927645287.4001172, 2091062745.7212093, 1963592915.0043528, 1788278856.0586903, 2582326893.3710637, 2019306401.6572156, 2210313148.071902, 1919195326.8550966, 1914395069.9171605, 2336023003.6467857, 1844983159.5882144, 2577513959.2906723, 2655657620.5444813, 1695241492.4507763, 1641184667.0785768, 1478978526.4910476, 1074914905.2909722, 1074914905.468585, 2162894328.032346, 1947276704.4872365, 1674874054.8217776, 2061661641.6171744, 1859312950.3743672, 1597841948.5455089, 2302220309.46552, 1763762974.673808, 1953659110.4657607, 1761219474.640427, 1844534088.1871488, 1936978322.2599034, 1740990670.7809756, 2404948202.436778, 2118528469.4406552, 1621136944.598758, 1528042025.0258348, 1425435946.8885126, 1074914906.0609722, 1074914906.2824717, 1844972025.6858945, 1885158435.1775167, 1554867146.85957, 1969076276.2562282, 1838766977.5154977, 1559199575.7293715, 2095472992.000457, 1533086091.9492521, 1691533377.0736275, 1580398790.2595825, 1699486321.1169267, 1650163845.8096352, 1681740813.6428988, 2047870314.4235168, 1965550733.6952536, 1467954565.7811742, 1416329402.0100014, 1412540243.7577565, 1074914906.8309722, 1074914907.2422338, 1758881948.0718045, 1858270850.4651446, 1464074650.056215, 1787274735.8220978, 1673299556.3482885, 1551830752.2289495, 1946012585.9842708, 1432442110.565061, 1522828947.3408692, 1432476325.155167, 1672358326.707267, 1521289262.129054, 1552450347.8847346, 1868305325.2207417, 1652798132.6268687, 1332436699.9612138, 1370278840.3521698, 1362924001.6921017, 1074914907.6009722, 1074914908.047624, 1756559507.9735563, 1788804873.0224333, 1416967168.7503214, 1564995131.641724, 1550828442.2465582, 1483098723.840269, 1650228923.567507, 1391219937.910565, 1374476617.736848, 1361121313.3374085, 1581480964.541651, 1489011661.924626, 1409532351.773263, 1653060688.3155236, 1562782752.4340909, 1246950921.6332483, 1358096765.5376737, 1267743601.1386907, 1074914908.817624, 1074914908.9460309, 1745921064.0163512, 1541320363.9434204, 1354272281.380545, 1431492323.0072994, 1503320480.6226008, 1431752066.5504723, 1521215864.1408982, 1347568656.417358, 1284028359.846366, 1316635163.7087212, 1455403291.4029183, 1404094514.3082433, 1305027985.490218, 1459785291.2262971, 1488866038.5708442, 1220418031.7703097, 1306770686.9422886, 1257916479.5841382, 1074914909.587624, 1074914909.8457828, 1705104606.346342, 1538373981.4338229, 1353435949.1655061, 1346963582.5999029, 1377335290.451761, 1311340258.408701, 1510183959.0586016, 1300380463.365366, 1237293603.9738665, 1242505118.1754134, 1351852459.5041835, 1402443803.7981443, 1245197954.0644455, 1450006402.5599844, 1352860345.8070576, 1208136966.6738236, 1270412481.1625152, 1220499966.5814903, 1074914910.357624, 1074914910.629331, 1703922470.8772326, 1513374411.6143148, 1299499973.3850632, 1319540205.6377685, 1300259006.3897552, 1290710124.2308547, 1381666334.10865, 1235765608.9687898, 1231388652.2299163, 1222199988.3420198, 1295358927.2145267, 1341822858.6129766, 1215101582.1116204, 1446303111.7598658, 1256426519.2532103, 1181209996.7624512, 1238293835.9489522, 1181866332.1174033, 1074914911.127624, 1074914911.5489268, 1694002638.089088, 1400964105.2503908, 1246604219.0227768, 1248923645.6026428, 1280088342.9911957, 1269603508.562484, 1320138633.753638, 1190547378.4899845, 1220596444.1501203, 1193389489.8493812, 1288638076.3764908, 1311551207.1060114, 1167637705.1740255, 1357075038.1316938, 1217739127.7738013, 1181094313.4341235, 1213927980.6574552, 1172762526.4457986, 1074914911.897624, 1074914912.4058738, 1500198919.0607867, 1303273019.4676023, 1245080750.2238681, 1239560340.0676343, 1237260925.2125928, 1247440389.327949, 1279443558.6629622, 1155663527.8056495, 1192137897.2446768, 1174618226.2162838, 1217112922.365805, 1249688381.350009, 1135190249.2717357, 1306173671.8511426, 1168799447.9363856, 1143748238.898472, 1204007842.5675664, 1149207779.3184798, 1074914913.1758738, 1074914913.3400214, 1395884530.7301574, 1232264380.2641318, 1198414560.7101564, 1191696344.677485, 1212482984.3625188, 1200178799.2362664, 1212959273.1820188, 1131289938.1806796, 1158617012.8175359, 1170294880.7570662, 1201820941.0632732, 1248629434.786081, 1116369472.4627552, 1269371749.5639277, 1150731888.9662583, 1134923635.1932716, 1162917310.1184745, 1147770459.221581, 1074914913.9458737, 1074914914.157851, 1389048569.875054, 1181810302.0576372, 1170614657.8378196, 1152919607.8990242, 1212097146.8688068, 1177395724.235665, 1167319070.766825, 1112572712.297976, 1131457404.2799983, 1151272011.0043068, 1178437533.3871708, 1218540459.9933498, 1105176837.993803, 1208365140.113187, 1136192282.6977146, 1123513627.1301074, 1161659331.4947276, 1138334335.1611984, 1074914914.927851, 1074914915.0271118, 1348536406.9111745, 1158175509.791865, 1149406436.8992052, 1149701703.9706378, 1167488477.6021805, 1169579673.9372058, 1151173894.1617575, 1109348917.8902862, 1127013012.472514, 1135530527.737778, 1146917711.9706838, 1214178408.3579822, 1097828285.620425, 1193547818.2356968, 1131665155.9591484, 1121216254.788986, 1135212855.5743344, 1131079474.8129113, 1074914915.697851, 1074914915.8212368, 1292607863.9297328, 1146214598.8153975, 1146082192.8416998, 1137193429.9585888, 1145025296.147811, 1166507352.1898685, 1147133599.701998, 1101620369.1439788, 1123366975.963648, 1116654544.5850337, 1128721957.5779781, 1206997947.982623, 1090820493.3199222, 1180989115.3525307, 1118029455.7126315, 1109307843.7890491, 1130842880.803609, 1115251293.873083]
Minimum support: 0.5
Number of cores: 14
Number of patterns: 4
Number of invalid patterns: 161

0. date_time
1. id_site
2. Tpic
3. Dir
4. Etal
5. Tz
6. Hm0
7. Ts1
8. Ts2
9. Tc
10. Tav
11. Tint
12. Tp
13. EPS2
14. EPS4
15. Qp
16. S2
17. Tref
18. Tw
19. Batt
20. timestamp

File: data/directio8k.csv

Pattern : Support
['2+', '3-', '7+', '13+', '14+'] : 0.513
['2+', '3-', '5+', '8+', '10+', '11+'] : 0.527
['2+', '3-', '5+', '7+', '8+'] : 0.525
['2+', '7+', '9+', '10+', '12+'] : 0.508


Iteration: Best Cost
0: 1.7683465959328027e-05 
1: 1.3405059337495157e-06 
2: 9.400077644641345e-07 
3: 9.400077644641345e-07 
4: 9.400077644641345e-07 
5: 9.400077644641345e-07 
6: 1.6027164119923577e-07 
7: 1.6027164119923577e-07 
8: 1.6027164119923577e-07 
9: 1.6027164119923577e-07 
10: 1.6027164119923577e-07 
11: 1.6027164119923577e-07 
12: 1.6027164119923577e-07 
13: 1.6027164119923577e-07 
14: 1.6027164119923577e-07 
15: 6.222634796737323e-08 
16: 6.222634796737323e-08 
17: 6.222634796737323e-08 
18: 6.222634796737323e-08 
19: 6.222634796737323e-08 
