Run-time: 3.536241292953491 seconds
Total allocated memory size: 274.3 KiB
Algorithm: GA-GRAANK (v2.0)
Search Space: Numeric
No. of (dataset) attributes: 11
No. of (dataset) tuples: 1999
Population size: 8
PC: 0.776
Gamma: 0.746
Mu: 0.842
Sigma: 0.681
Number of iterations: 20
Number of cost evaluations: 240
Candidates: [21106, 37008, 21066, 65535, 62370, 63527, 63700, 35277, 22658, 45832, 26588, 58322, 49172, 31809, 41722, 18099, 49902, 31079, 65535, 10799, 36739, 56859, 65535, 65535, 58956, 64900, 65535, 44900, 54976, 37146, 49766, 65535, 49000, 43122, 65535, 31222, 61709, 62147, 61099, 21477, 45048, 53928, 50488, 39288, 11208, 30812, 12088, 8122, 27751, 30058, 65535, 558, 20253, 19090, 2533, 65535, 30822, 31042, 8222, 10422, 13225, 53218, 32255, 52188, 12993, 30405, 19993, 4055, 16845, 26464, 65535, 64644, 34602, 1232, 46622, 2322, 28966, 32898, 65535, 22988, 9158, 11051, 1588, 10511, 17089, 28986, 65535, 65535, 23042, 8737, 33422, 8377, 48214, 47651, 65535, 65535, 31847, 59384, 18877, 65535, 7917, 3439, 9177, 4399, 63406, 9614, 34066, 6144, 6620, 7900, 6200, 7000, 5958, 2976, 5588, 9766, 15102, 22284, 51002, 22844, 9642, 8589, 6422, 5899, 18494, 14237, 65535, 42377, 26507, 5272, 25077, 2722, 6297, 6268, 2977, 2688, 3763, 2938, 7733, 9388, 6229, 6336, 2299, 3366, 3890, 2811, 8900, 8111, 12002, 6507, 20022, 5007, 1342, 1903, 3422, 9933, 5697, 6034, 6997, 6344, 2533, 746, 2333, 446, 710, 2146, 700, 1466, 9714, 8795, 7144, 7955, 6603, 6042, 6033, 22, 2154, 844, 2144, 844, 1683, 1315, 6633, 3355, 2776, 4345, 7766, 4455, 7152, 7234, 1522, 2344, 4271, 2850, 2711, 8500, 4896, 2083, 8966, 833, 384, 1936, 844, 9366, 2128, 1259, 2288, 2259, 166, 555, 666, 555, 4040, 4402, 400, 4022, 2592, 4387, 5922, 3877, 556, 556, 566, 566, 790, 1530, 900, 5300, 5736, 807, 7366, 77, 1102, 1218, 1022, 1188, 456, 501, 566, 511]
Minimum support: 0.5
Number of cores: 14
Number of patterns: 2
Number of invalid patterns: 3

0. date_time
1. id_site
2. Rx
3. Hmax
4. Thmax
5. H1/3
6. Th1/3
7. Hmoy
8. Tmoy
9. Cambrure
10. Nb_Vagues

File: data/Omnidir_site2k.csv

Pattern : Support
['3+', '5+', '6+', '7+', '8+'] : 0.545
['3+', '4+', '5+', '7+'] : 0.526


Iteration: Best Cost
0: 1.3919628067538036e-06 
1: 1.3919628067538036e-06 
2: 1.3919628067538036e-06 
3: 1.0781531667514813e-06 
4: 9.006380119676779e-07 
5: 9.006380119676779e-07 
6: 9.006380119676779e-07 
7: 9.006380119676779e-07 
8: 5.040383553026851e-07 
9: 5.040383553026851e-07 
10: 5.040383553026851e-07 
11: 5.040383553026851e-07 
12: 5.040383553026851e-07 
13: 5.040383553026851e-07 
14: 5.040383553026851e-07 
15: 5.040383553026851e-07 
16: 5.040383553026851e-07 
17: 5.040383553026851e-07 
18: 5.040383553026851e-07 
19: 5.040383553026851e-07 
