Run-time: 1.7354013919830322 seconds
Total allocated memory size: 288.4 KiB
Algorithm: GA-GRAANK (v2.0)
Search Space: Numeric
No. of (dataset) attributes: 21
No. of (dataset) tuples: 522
Population size: 12
PC: 0.913
Gamma: 0.529
Mu: 0.856
Sigma: 0.209
Number of iterations: 20
Number of cost evaluations: 400
Candidates: [486636858379, 464336354173, 866368583799, 643363541733, 761170297735, 839790341370, 661700977355, 837903343700, 947035055284, 938948241492, 970350552844, 389482214992, 533574629788, 522587524213, 335576297888, 225575224133, 932159374608, 929143994665, 322153746088, 291139996655, 343260872039, 557483251840, 442600720399, 554833518400, 442805496520, 634904624233, 428804965200, 349046242333, 339739060358, 687741971722, 397390063588, 877419917722, 414286238947, 611672158216, 142262389977, 116721582166, 352841293505, 564638664820, 528412993055, 646636668200, 446832536039, 657469161714, 468325560399, 577699611144, 572865845556, 410988877886, 728658455566, 119888778866, 650865034951, 565669460803, 500850344511, 655664668033, 240201434410, 431353666155, 402014344400, 313536661555, 352790018653, 411964447833, 527900186633, 119644478333, 418062739002, 335925478185, 110627390022, 339255781155, 391118579886, 387058438400, 911185598866, 870554388000, 503385372056, 552298490854, 33855770556, 522984908544, 328518406061, 334064497826, 225184060611, 340644977266, 446135392636, 395814261973, 461353926336, 958142619733, 297877085798, 161796546556, 978770057988, 117965465566, 430819723177, 438238247143, 338197231777, 382382471443, 235991564370, 276650170051, 359995644700, 766501700511, 157502984949, 377203130117, 575029889499, 772031300177, 436318423736, 311850545418, 363184437366, 118505544418, 387907140843, 522888323654, 879977108833, 228888236544, 455691781986, 469307470957, 456917819966, 693074779977, 438946779846, 444286036107, 388447778466, 442860361007, 444700861872, 419288429070, 444700618822, 192284290700, 156839487473, 720289603059, 568394874773, 202896000599, 141626299374, 294243815581, 446262993744, 942438155881, 338282752809, 346339787411, 382827558099, 463399874111, 523024831535, 407402505919, 220248315355, 74405059119, 439967202666, 470828261831, 399672022666, 708282618311, 85967763802, 283464304641, 89677738022, 834643006411, 479889907645, 688626137265, 798889006455, 886261372655, 312419320343, 244471063422, 124193203433, 444711634222, 463995570495, 98273193115, 639955504955, 88731931155, 483145741609, 388885409267, 831457416609, 888855092677, 369763979221, 348194790109, 697639792211, 481947700099, 678321658022, 429285940042, 783211550222, 299855400422, 164451657734, 295221974620, 644411557744, 952219776200, 311370696507, 134832991402, 113700965007, 348329914022, 459701906422, 465297346521, 497011064222, 452973446211, 572566905689, 576317266264, 525669056899, 763172662644, 353599875468, 369427573240, 535998754688, 694275532440, 513264565019, 392102814967, 133245650199, 991028849677, 375224537766, 347802910942, 752245537666, 478029109422, 360262622104, 426645348905, 302662221144, 266455489055, 526480959938, 527601090015, 264889599388, 226010900155, 156208345165, 279661769790, 562083451655, 796617697700, 421394792063, 752650852513, 213947920633, 726508555113, 424179145485, 424098192658, 241791454855, 240981926688, 399030505217, 385366310625, 390005052177, 853663116255, 592371287468, 581674357108, 923712874688, 516743571108, 183136813662, 352123180936, 831366136622, 521231809366, 526075001481, 519081562681, 266750014811, 590815626611, 519868474138, 522544153868, 198664444388, 225444138688, 203729691965, 232140422990, 37296999955, 221404229900, 82386225417, 254131766282, 23882254177, 544317662822, 154124199417, 104577030437, 541241994177, 145770304377, 120592058059, 305304540517, 225922580599, 53045445177, 485222988193, 343108289849, 852222881933, 433082888499, 523102882387, 528295019211, 231122823877, 282950112111, 205502936702, 207786674463, 5029367022, 77866744663, 242982278469, 380436295830, 429822784699, 804362258300, 169490079892, 269821264462, 694900798922, 698212644622, 357502061904, 347174503639, 577022619944, 441745033399, 524517811783, 524136153659, 245178117833, 241161556599, 67215081220, 269302910479, 72150011200, 293029104799, 96861719155, 73680930998, 68661191555, 36809309988, 363275538859, 321769153727, 332755388599, 217691533277, 333228408230, 229737648623, 332284082330, 297336486233, 234933370550, 184746100847, 349933705500, 847466108477, 521062410796, 386989117545, 210624107996, 869891175555, 425641501067, 233273206030, 256415011677, 332732060300, 305441273965, 291632910644, 4411739655, 916329900444, 527682291073, 526399758880, 276822990733, 563997588800, 94043348835, 76499301318, 40433488355, 64993013188, 207941567523, 262733968431, 79415675233, 627333684311, 417202046532, 488165333454, 172020065532, 881663333544, 162972249659, 163572225661, 629722496559, 635522256611, 187982380489, 166667499609, 879823880889, 666674996099, 526666441811, 527415608142, 266664418111, 274456001422, 34701414535, 57842031196, 47014145355, 77420011966, 514754178103, 118858120462, 117541781033, 188588200622, 507253721402, 318393408285, 77537214422, 183934482855, 227077503001, 376709198341, 270775030011, 767091983411, 281427588957, 354868857963, 814275889577, 544688577663, 224614325300, 214697019054, 246143253000, 146690190544, 99771525458, 34738118740, 97715554588, 47381188700, 39413143919, 108511246057, 94131133199, 5112460577, 347142280082, 223828391982, 471422800882, 238283919822, 504561309692, 422509739413, 45613096922, 225097794133, 175032830201, 146801020619, 770328302011, 468000006699, 229444829828, 221598833169, 224448298288, 215988331699, 541276035815, 529081598746, 442260338155, 290811997466, 81313436691, 120593405062, 83134366911, 205934000622, 501960192812, 50335054419, 511601928122, 53350554119, 46756171944, 379140426632, 67551719444, 791404266322]
Minimum support: 0.5
Number of cores: 14
Number of patterns: 3
Number of invalid patterns: 125

0. Date
1. BUDAPEST
2. BARANYA
3. BACS
4. BEKES
5. BORSOD
6. CSONGRAD
7. FEJER
8. GYOR
9. HAJDU
10. HEVES
11. JASZ
12. KOMAROM
13. NOGRAD
14. PEST
15. SOMOGY
16. SZABOLCS
17. TOLNA
18. VAS
19. VESZPREM
20. ZALA

File: data/hungary_chickenpox.csv

Pattern : Support
['1+', '3+', '8+', '9+', '11+'] : 0.505
['1+', '2+', '4+', '7+'] : 0.523
['1+', '2+', '4+', '5+'] : 0.54


Iteration: Best Cost
0: 0.022222222222222223 
1: 0.001310615989515072 
2: 0.001310615989515072 
3: 2.4097546869728663e-05 
4: 2.4097546869728663e-05 
5: 2.4097546869728663e-05 
6: 2.4097546869728663e-05 
7: 2.4097546869728663e-05 
8: 2.4097546869728663e-05 
9: 2.4097546869728663e-05 
10: 2.4097546869728663e-05 
11: 2.4097546869728663e-05 
12: 2.4097546869728663e-05 
13: 2.4097546869728663e-05 
14: 2.4097546869728663e-05 
15: 2.4097546869728663e-05 
16: 2.4097546869728663e-05 
17: 2.4097546869728663e-05 
18: 2.4097546869728663e-05 
19: 2.4097546869728663e-05 
