Run-time: 1.7261016368865967 seconds
Total allocated memory size: 292.7 KiB
Algorithm: GA-GRAANK (v2.0)
Search Space: Numeric
No. of (dataset) attributes: 21
No. of (dataset) tuples: 522
Population size: 12
PC: 0.913
Gamma: 0.529
Mu: 0.856
Sigma: 0.209
Number of iterations: 20
Number of cost evaluations: 400
Candidates: [223506105524, 329483646708, 235066055244, 294836467008, 751562691203, 600251423180, 715622912033, 2511231800, 83270162825, 260966461524, 32701122225, 600664615244, 227432744789, 169670641300, 274327447799, 696706443000, 562757674045, 475933249407, 622556740455, 755332444077, 294122593700, 353734268762, 991225937000, 537744287622, 759805510109, 425669319576, 598055101099, 256693115566, 533204950086, 672778898808, 332049900866, 727788988088, 349395244030, 311152885389, 493952440330, 111528853899, 328201060130, 320996575430, 282000601300, 209965774400, 276451599403, 253450922848, 764515994033, 534509228888, 589031003509, 402511906498, 890310035009, 25119066988, 725192707677, 475999003722, 251997076777, 759990037222, 299201481410, 410382473587, 992014884110, 403824435887, 247450105069, 120771864395, 444501050699, 207718863955, 589567845154, 314857461800, 595678451544, 148574618000, 394818716359, 309099498370, 348887163599, 90994983700, 515656313844, 339091902820, 156563138444, 330011022220, 220906813497, 238809127234, 200068134477, 388099272344, 328823474570, 479197400928, 288824745700, 791174009288, 425381642953, 523321876823, 253811429533, 233218768223, 504932031854, 399493275100, 49332318544, 994932771000, 463854046572, 282775672526, 638540465722, 227756625526, 333528594974, 434751293154, 333288949744, 347712931554, 279053068965, 574216512478, 790530689665, 742165124788, 254072754288, 227973557465, 540027542888, 279775577655, 784766534195, 770280149502, 847665341195, 702801495022, 562208955511, 369135095331, 622089555111, 691150953311, 165936602919, 242623612301, 159366029999, 426236123011, 259110720088, 222935591665, 591107220888, 222355996655, 276101128531, 331515269011, 761111285311, 315152699111, 392598987477, 579635870510, 925989874777, 776358705100, 598805778722, 659662655640, 998007777222, 596662556400, 656466102958, 706104992173, 554661022588, 1049991733, 736397617693, 302445824138, 366376176933, 22458241188, 450043809745, 643235177220, 500433097455, 432335172200, 681528934145, 613232609953, 815288344455, 632326009533, 286731052355, 747586432665, 867310522555, 475864326655, 718305436071, 566177693923, 183054360711, 666777939233, 279308244065, 267525299719, 793082440665, 675252997199, 595418202544, 601335732807, 954182025444, 3357338077, 460945723133, 510088167665, 409457231333, 100881676655, 463809921552, 408572627345, 638099211522, 85726273455, 392365708506, 578668182292, 923657005006, 786681122922, 673690713785, 714895076978, 736907137885, 148950069778, 285829192312, 299456834208, 855299922122, 994468332088, 708968730128, 649076408192, 89688300288, 490764001922, 487210201777, 504332708230, 872102017777, 43327082330, 327065803589, 377227894751, 270058005899, 372277947511, 132427677479, 242781446974, 332277774799, 427814469744, 230652240265, 144556884188, 306522402655, 445568841888, 738803230651, 619241907669, 388032206511, 192419006699, 403815689862, 273191111178, 38156898822, 731991111788, 418676641882, 588835690549, 486766418822, 888356905499, 424169121578, 479240550084, 241699215788, 772205550844, 396409053331, 892895745764, 364490533311, 928957457644, 520657857397, 807099424434, 206578853977, 870994244344, 336456796894, 256054795149, 364567968944, 550554951499, 884740796899, 869717572410, 887407998999, 697175524110, 425395115209, 273541662544, 253951152009, 735416625444, 312574328745, 433375188361, 125743287455, 333751883611, 595158712558, 498120274407, 951587125588, 988102774007, 264092505595, 321193520925, 640922055955, 221935209255, 523873918007, 730068559544, 238739188077, 300665595444, 247427811629, 262911096358, 474228116229, 622110963558, 513479087967, 734940396129, 534770877977, 749403396299, 295970410646, 299531651805, 959704106466, 999336618055, 288485180247, 296800846273, 884851802477, 268008462273, 842579691526, 911878677783, 422796915226, 918776777733, 467578563113, 489174083917, 475785631133, 899740839117, 261303054830, 287484564186, 613030048300, 877885641866, 812506472508, 515250809323, 122064725008, 152208009223, 645226295001, 448052691964, 452262950011, 480556911944, 253629341051, 252318887734, 536693411511, 523118887344, 565712734302, 237970437374, 657127343322, 377774373744, 708727745641, 384551241324, 87277456611, 845511443244, 332759660356, 727895972309, 322596603566, 278959723099, 519009111269, 412334939573, 590001112699, 123349995533, 670936138444, 629920457676, 779936384444, 299904556766, 504090042925, 587917498503, 40900449255, 879174985033, 235127165564, 296394790776, 331271655644, 963947907766, 664276449447, 651555093874, 664764494477, 515555938844, 476353732849, 640179324246, 763537322499, 441793242466, 119256000021, 103690401641, 192566000211, 36904016411, 778086193472, 549671088359, 780886934722, 496770883599, 260696058793, 696056588237, 606960588993, 660565882377, 867568074232, 536357489188, 675680744322, 333554881888, 170336190135, 263834436263, 703361901355, 638344362633, 481174163528, 526338168903, 811741163288, 223381689003, 604813197137, 398653893328, 48131971337, 986538833288, 177768083169, 223779188929, 777680833699, 237799889299, 266946707358, 431990070395, 666466073588, 411900003955, 739472167926, 853051265260, 394721679266, 530512252600, 357830209769, 352292617007, 378802097799, 522226110077, 761491404639, 810239795870, 614914006399, 102397958800, 733462925626, 859060507560, 334669256266, 590605007600, 657839628845, 407852686451, 577336288855, 78522864511, 833958462578, 863871770864, 839584625788, 838717700664, 369439891789, 373306289287, 394398817899, 733362892877, 360535251667, 570808799175, 605352216677, 708087991755]
Minimum support: 0.5
Number of cores: 14
Number of patterns: 4
Number of invalid patterns: 120

0. Date
1. BUDAPEST
2. BARANYA
3. BACS
4. BEKES
5. BORSOD
6. CSONGRAD
7. FEJER
8. GYOR
9. HAJDU
10. HEVES
11. JASZ
12. KOMAROM
13. NOGRAD
14. PEST
15. SOMOGY
16. SZABOLCS
17. TOLNA
18. VAS
19. VESZPREM
20. ZALA

File: data/hungary_chickenpox.csv

Pattern : Support
['1+', '2+', '3+', '4+'] : 0.531
['1+', '3+', '4+', '7+'] : 0.514
['1+', '2+', '4+', '5+'] : 0.54
['1+', '2+', '4+', '5+', '14+'] : 0.51


Iteration: Best Cost
0: 0.0045871559633027525 
1: 0.0009871668311944718 
2: 0.0009871668311944718 
3: 0.0009871668311944718 
4: 0.0009871668311944718 
5: 3.3542414382987286e-05 
6: 3.3542414382987286e-05 
7: 3.3542414382987286e-05 
8: 3.3542414382987286e-05 
9: 3.3542414382987286e-05 
10: 3.3542414382987286e-05 
11: 3.3542414382987286e-05 
12: 3.3542414382987286e-05 
13: 3.3542414382987286e-05 
14: 3.3542414382987286e-05 
15: 3.3542414382987286e-05 
16: 3.3542414382987286e-05 
17: 2.914007634700003e-05 
18: 2.914007634700003e-05 
19: 2.914007634700003e-05 
