Run-time: 96.4132137298584 seconds
Total allocated memory size: 301.6 KiB
Algorithm: GA-GRAANK (v2.0)
Search Space: Numeric
No. of (dataset) attributes: 98
No. of (dataset) tuples: 3942
Population size: 20
PC: 0.5
Gamma: 547
Mu: 0.741
Sigma: 0.654
Number of iterations: 20
Number of cost evaluations: 400
Candidates: [0, 1329227995784915872903807060280344575, 0, 1329227995784915872903807060280344575, 0, 1329227995784915872903807060280344575, 0, 1329227995784915872903807060280344575, 1329227995784915872903807060280344575, 0, 1329227995784915872903807060280344575, 0, 0, 1329227995784915872903807060280344575, 0, 1329227995784915872903807060280344575, 0, 1329227995784915872903807060280344575, 0, 1329227995784915872903807060280344575, 0, 1329227995784915872903807060280344575, 0, 1329227995784915872903807060280344575, 0, 1329227995784915872903807060280344575, 0, 1329227995784915872903807060280344575, 0, 1329227995784915872903807060280344575, 0, 1329227995784915872903807060280344575, 0, 1329227995784915872903807060280344575, 0, 1292279957784158822038000602800444755, 1329227995784915872903807060280344575, 0, 1329227995784915872903807060280344575, 0, 1329227995784915872903807060280344575, 0, 1292279957849158729933870602883344755, 0, 0, 1329227995784915872903807060280344575, 0, 1329227995784915872903807060280344575, 1329227995784915872903807060280344575, 0, 1329227995784915872903807060280344575, 0, 1329227995784915872903807060280344575, 0, 1329227995784915872903807060280344575, 0, 0, 1329227995784915872903807060280344575, 0, 1299279955889158829038077002803445555, 0, 1329227995784915872903807060280344575, 0, 1329227995784915872903807060280344575, 0, 1329227995784915872903807060280344575, 0, 1329227995784915872903807060280344575, 1329227995784915872903807060280344575, 0, 1329227995784915872903807060280344575, 0, 0, 1329227995784915872903807060280344575, 0, 1329227995784915872903807060280344575, 1329227995784915872903807060280344575, 0, 1329227995784915872903807060280344575, 0, 1329227995784915872903807060280344575, 0, 1329227995784915872903807060280344575, 0, 1329227995784915872903807060280344575, 0, 1292229957889158722908070662803444555, 0, 1329227995784915872903807060280344575, 0, 1329227995784915872903807060280344575, 0, 0, 1329227995784915872903807060280344575, 0, 1322277957849155729908007602800444775, 0, 1329227995784915872903807060280344575, 0, 1329227995784915872903807060280344575, 0, 1329227995784915872903807060280344575, 0, 1329227995784915872903807060280344575, 1329227995784915872903807060280344575, 0, 1329227995784915872903807060280344575, 0, 0, 1329227995784915872903807060280344575, 0, 1329227995784915872903807060280344575, 0, 1329227995784915872903807060280344575, 0, 1329227995784915872903807060280344575, 0, 1329227995784915872903807060280344575, 0, 1222227995849155779038070602883445755, 1329227995784915872903807060280344575, 0, 1329227995784915872903807060280344575, 0, 0, 1329227995784915872903807060280344575, 0, 1329227995784915872903807060280344575, 0, 1089734160915066782384516388926521344, 0, 1329227995784915872903807060280344575, 1329227995784915872903807060280344575, 0, 1329227995784915872903807060280344575, 0, 1329227995784915872903807060280344575, 0, 1329227995784915872903807060280344575, 0, 1329227995784915872903807060280344575, 0, 1329227995784915872903807060280344575, 0, 1329227995784915872903807060280344575, 0, 1222279955749155722038070602803345755, 0, 1329227995784915872903807060280344575, 0, 1329227995784915872903807060280344575, 0, 1329227995784915872903807060280344575, 0, 1292277955889155879038077002803445755, 0, 0, 1329227995784915872903807060280344575, 0, 1329227995784915872903807060280344575, 0, 1329227995784915872903807060280344575, 0, 1329227995784915872903807060280344575, 1329227995784915872903807060280344575, 0, 1329227995784915872903807060280344575, 0, 1329227995784915872903807060280344575, 0, 1329227995784915872903807060280344575, 0, 0, 1329227995784915872903807060280344575, 0, 1329227995784915872903807060280344575, 0, 1329227995784915872903807060280344575, 0, 1329227995784915872903807060280344575, 0, 1329227995784915872903807060280344575, 0, 1292279957884158729938007602800445775, 1329227995784915872903807060280344575, 0, 1329227995784915872903807060280344575, 0, 1329227995784915872903807060280344575, 0, 1329227995784915872903807060280344575, 0, 0, 1329227995784915872903807060280344575, 0, 1222279957849955722003007600800444755, 0, 1329227995784915872903807060280344575, 0, 1322279955849958722033070600800345755, 0, 1329227995784915872903807060280344575, 0, 1329227995784915872903807060280344575, 0, 1329227995784915872903807060280344575, 0, 1329227995784915872903807060280344575, 0, 1329227995784915872903807060280344575, 0, 1329227995784915872903807060280344575, 0, 1329227995784915872903807060280344575, 0, 1329227995784915872903807060280344575, 1329227995784915872903807060280344575, 0, 1329227995784915872903807060280344575, 0, 0, 1329227995784915872903807060280344575, 0, 1222229997849155722038070600203445755, 1329227995784915872903807060280344575, 0, 1329227995784915872903807060280344575, 0, 1329227995784915872903807060280344575, 0, 1299279957789158829008000662800445775, 0, 1329227995784915872903807060280344575, 0, 1329227995784915872903807060280344575, 0, 1329227995784915872903807060280344575, 0, 1329227995784915872903807060280344575, 0, 1329227995784915872903807060280344575, 0, 1329227995784915872903807060280344575, 0, 1329227995784915872903807060280344575, 0, 1329227995784915872903807060280344575, 0, 0, 1329227995784915872903807060280344575, 0, 1329227995784915872903807060280344575, 1329227995784915872903807060280344575, 0, 1222279955849158722038070002200445755, 0, 1329227995784915872903807060280344575, 0, 1329227995784915872903807060280344575, 0, 0, 1329227995784915872903807060280344575, 0, 1292277957744118822033807000803345555, 1329227995784915872903807060280344575, 0, 1329227995784915872903807060280344575, 0, 1329227995784915872903807060280344575, 0, 1222277957749158879038070660203345575, 0, 0, 1329227995784915872903807060280344575, 0, 1329227995784915872903807060280344575, 1329227995784915872903807060280344575, 0, 1329227995784915872903807060280344575, 0, 1329227995784915872903807060280344575, 0, 1329227995784915872903807060280344575, 0, 0, 1329227995784915872903807060280344575, 0, 1329227995784915872903807060280344575, 1329227995784915872903807060280344575, 0, 1329227995784915872903807060280344575, 0, 0, 1329227995784915872903807060280344575, 0, 1292229957849918879938870600883445755, 1329227995784915872903807060280344575, 0, 1222279957849958779038070662883444755, 0, 1329227995784915872903807060280344575, 0, 1329227995784915872903807060280344575, 0, 1329227995784915872903807060280344575, 0, 1329227995784915872903807060280344575, 0, 1329227995784915872903807060280344575, 0, 1329227995784915872903807060280344575, 0, 1329227995784915872903807060280344575, 0, 1299229955789155729038077602883444755, 0, 0, 1329227995784915872903807060280344575, 0, 1329227995784915872903807060280344575, 0, 1329227995784915872903807060280344575, 0, 1329227995784915872903807060280344575, 0, 1329227995784915872903807060280344575, 0, 1329227995784915872903807060280344575, 0, 1329227995784915872903807060280344575, 0, 1329227995784915872903807060280344575, 1329227995784915872903807060280344575, 0, 1329227995784915872903807060280344575, 0, 0, 1329227995784915872903807060280344575, 0, 1329227995784915872903807060280344575, 0, 1329227995784915872903807060280344575, 0, 1329227995784915872903807060280344575, 0, 1329227995784915872903807060280344575, 0, 1329227995784915872903807060280344575, 1329227995784915872903807060280344575, 0, 1329227995784915872903807060280344575, 0, 0, 1329227995784915872903807060280344575, 0, 1329227995784915872903807060280344575, 0, 1329227995784915872903807060280344575, 0, 1329227995784915872903807060280344575, 1329227995784915872903807060280344575, 0, 1292279997849158779008000002200445555, 0, 1329227995784915872903807060280344575, 0, 1322229957744118729938870002883445555, 0, 1329227995784915872903807060280344575, 0, 1329227995784915872903807060280344575, 0, 0, 1329227995784915872903807060280344575, 0, 1329227995784915872903807060280344575, 1329227995784915872903807060280344575, 0, 1329227995784915872903807060280344575, 0, 547984309352104109272197408751616, 1329227995784915872903807060280344575, 479843093521101092721974088516666, 1329227995784915872903807060280344575, 0, 1329227995784915872903807060280344575, 0, 1329227995784915872903807060280344575, 0, 1329227995784915872903807060280344575, 0, 1322279997749158722938077602883445555, 0, 1329227995784915872903807060280344575, 0, 1329227995784915872903807060280344575, 0, 1329227995784915872903807060280344575, 0, 1329227995784915872903807060280344575]
Minimum support: 0.5
Number of cores: 14
Number of patterns: 1
Number of invalid patterns: 400

0. nr
1. i1_legid
2. i1_rcs_p
3. i1_rcs_e
4. i1_dep_1_p
5. i1_dep_1_e
6. i1_dep_1_place
7. i1_rcf_1_p
8. i1_rcf_1_e
9. i1_rcf_1_place
10. i1_dep_2_p
11. i1_dep_2_e
12. i1_dep_2_place
13. i1_rcf_2_p
14. i1_rcf_2_e
15. i1_rcf_2_place
16. i1_dep_3_p
17. i1_dep_3_e
18. i1_dep_3_place
19. i1_rcf_3_p
20. i1_rcf_3_e
21. i1_rcf_3_place
22. i1_dlv_p
23. i1_dlv_e
24. i1_hops
25. i2_legid
26. i2_rcs_p
27. i2_rcs_e
28. i2_dep_1_p
29. i2_dep_1_e
30. i2_dep_1_place
31. i2_rcf_1_p
32. i2_rcf_1_e
33. i2_rcf_1_place
34. i2_dep_2_p
35. i2_dep_2_e
36. i2_dep_2_place
37. i2_rcf_2_p
38. i2_rcf_2_e
39. i2_rcf_2_place
40. i2_dep_3_p
41. i2_dep_3_e
42. i2_dep_3_place
43. i2_rcf_3_p
44. i2_rcf_3_e
45. i2_rcf_3_place
46. i2_dlv_p
47. i2_dlv_e
48. i2_hops
49. i3_legid
50. i3_rcs_p
51. i3_rcs_e
52. i3_dep_1_p
53. i3_dep_1_e
54. i3_dep_1_place
55. i3_rcf_1_p
56. i3_rcf_1_e
57. i3_rcf_1_place
58. i3_dep_2_p
59. i3_dep_2_e
60. i3_dep_2_place
61. i3_rcf_2_p
62. i3_rcf_2_e
63. i3_rcf_2_place
64. i3_dep_3_p
65. i3_dep_3_e
66. i3_dep_3_place
67. i3_rcf_3_p
68. i3_rcf_3_e
69. i3_rcf_3_place
70. i3_dlv_p
71. i3_dlv_e
72. i3_hops
73. o_legid
74. o_rcs_p
75. o_rcs_e
76. o_dep_1_p
77. o_dep_1_e
78. o_dep_1_place
79. o_rcf_1_p
80. o_rcf_1_e
81. o_rcf_1_place
82. o_dep_2_p
83. o_dep_2_e
84. o_dep_2_place
85. o_rcf_2_p
86. o_rcf_2_e
87. o_rcf_2_place
88. o_dep_3_p
89. o_dep_3_e
90. o_dep_3_place
91. o_rcf_3_p
92. o_rcf_3_e
93. o_rcf_3_place
94. o_dlv_p
95. o_dlv_e
96. o_hops
97. legs

File: data/c2k.csv

Pattern : Support
['0+', '1+'] : 0.518


Iteration: Best Cost
0: 1 
1: 1 
2: 1 
3: 1 
4: 1 
5: 1 
6: 1 
7: 1 
8: 1 
9: 1 
10: 1 
11: 1 
12: 1 
13: 1 
14: 1 
15: 1 
16: 1 
17: 1 
18: 1 
19: 1 
