Run-time: 434.0543828010559 seconds
Total allocated memory size: 271.7 KiB
Algorithm: GA-GRAANK (v1.0)
Search Space: Bitmap
No. of (dataset) attributes: 9
No. of (dataset) tuples: 10001
Population size: 17
PC: 0.5
Gamma: 527
Mu: 0.649
Sigma: 0.7
Number of iterations: 20
Number of cost evaluations: 320
Candidates: [337.0, 609.0, 345.0, 617.0, 341.0, 681.0, 341.0, 681.0, 674.0, 337.0, 678.0, 345.0, 342.0, 681.0, 342.0, 681.0, 597.0, 426.0, 597.0, 426.0, 361.0, 678.0, 361.0, 678.0, 341.0, 682.0, 341.0, 682.0, 345.0, 426.0, 345.0, 426.0, 682.0, 597.0, 682.0, 597.0, 426.0, 341.0, 426.0, 341.0, 682.0, 341.0, 682.0, 341.0, 361.0, 342.0, 361.0, 342.0, 345.0, 678.0, 345.0, 678.0, 681.0, 341.0, 681.0, 341.0, 345.0, 681.0, 345.0, 681.0, 341.0, 361.0, 341.0, 361.0, 341.0, 341.0, 341.0, 341.0, 342.0, 682.0, 342.0, 682.0, 682.0, 617.0, 682.0, 617.0, 341.0, 361.0, 341.0, 361.0, 341.0, 681.0, 341.0, 681.0, 341.0, 341.0, 341.0, 341.0, 341.0, 341.0, 341.0, 341.0, 341.0, 682.0, 341.0, 682.0, 682.0, 341.0, 682.0, 341.0, 341.0, 341.0, 341.0, 341.0, 341.0, 682.0, 341.0, 682.0, 341.0, 341.0, 341.0, 341.0, 682.0, 682.0, 682.0, 682.0, 682.0, 341.0, 682.0, 341.0, 341.0, 341.0, 341.0, 341.0, 341.0, 341.0, 341.0, 341.0, 682.0, 341.0, 682.0, 341.0, 341.0, 341.0, 341.0, 341.0, 341.0, 341.0, 341.0, 341.0, 682.0, 341.0, 682.0, 341.0, 341.0, 341.0, 341.0, 341.0, 341.0, 341.0, 341.0, 341.0, 341.0, 682.0, 341.0, 682.0, 341.0, 682.0, 341.0, 682.0, 682.0, 341.0, 682.0, 341.0, 341.0, 682.0, 341.0, 682.0, 341.0, 341.0, 341.0, 341.0, 341.0, 682.0, 341.0, 682.0, 341.0, 341.0, 341.0, 341.0, 341.0, 341.0, 341.0, 341.0, 682.0, 682.0, 682.0, 682.0, 341.0, 682.0, 341.0, 682.0, 341.0, 682.0, 341.0, 682.0, 341.0, 341.0, 341.0, 341.0, 341.0, 682.0, 341.0, 682.0, 341.0, 341.0, 341.0, 341.0, 341.0, 341.0, 341.0, 341.0, 682.0, 341.0, 682.0, 341.0, 341.0, 341.0, 341.0, 341.0, 341.0, 341.0, 341.0, 341.0, 341.0, 682.0, 341.0, 682.0, 682.0, 341.0, 682.0, 341.0, 341.0, 682.0, 341.0, 682.0, 341.0, 682.0, 341.0, 682.0, 341.0, 682.0, 341.0, 682.0, 341.0, 341.0, 341.0, 341.0, 341.0, 341.0, 341.0, 341.0, 341.0, 341.0, 341.0, 341.0, 682.0, 682.0, 682.0, 682.0, 341.0, 341.0, 341.0, 341.0, 341.0, 341.0, 341.0, 341.0, 341.0, 341.0, 341.0, 341.0, 341.0, 341.0, 341.0, 341.0, 341.0, 341.0, 341.0, 341.0, 341.0, 682.0, 341.0, 682.0, 341.0, 341.0, 341.0, 341.0, 341.0, 341.0, 341.0, 341.0, 682.0, 341.0, 682.0, 341.0, 341.0, 682.0, 341.0, 682.0, 341.0, 341.0, 341.0, 341.0, 682.0, 341.0, 682.0, 341.0, 682.0, 341.0, 682.0, 341.0, 341.0, 341.0, 341.0, 341.0, 341.0, 341.0, 341.0, 341.0]
Minimum support: 0.5
Number of cores: 14
Number of patterns: 1
Number of invalid patterns: 0

0. Date
1. Time
2. Global_active_power
3. Global_reactive_power
4. Voltage
5. Global_intensity
6. Sub_metering_1
7. Sub_metering_2
8. Sub_metering_3

File: data/power_consumption10k.csv

Pattern : Support
['2+', '3+'] : 0.544


Iteration: Best Cost
0: 1.5005106237652672e-07 
1: 1.5005106237652672e-07 
2: 1.5005106237652672e-07 
3: 1.5005106237652672e-07 
4: 1.5005106237652672e-07 
5: 1.5005106237652672e-07 
6: 1.5005106237652672e-07 
7: 1.5005106237652672e-07 
8: 1.5005106237652672e-07 
9: 1.5005106237652672e-07 
10: 1.5005106237652672e-07 
11: 1.5005106237652672e-07 
12: 1.5005106237652672e-07 
13: 1.5005106237652672e-07 
14: 1.5005106237652672e-07 
15: 1.5005106237652672e-07 
16: 1.5005106237652672e-07 
17: 1.5005106237652672e-07 
18: 1.5005106237652672e-07 
19: 1.5005106237652672e-07 
