Run-time: 1.5521743297576904 seconds
Total allocated memory size: 292.5 KiB
Algorithm: PSO-GRAANK (v2.0)
Search Space: Numeric
No. of (dataset) attributes: 21
No. of (dataset) tuples: 522
Particle population: 19
Velocity coeff.: 0.628
Personal coeff.: 0.14
Global coeff.: 0.431
Number of iterations: 20
Number of cost evaluations: 380
Candidates: [871933295345, 905456339620, 464068142303, 813578843518, 720222054703, 146594174002, 599110396753, 169381802444, 773869385963, 482169296333, 565815763247, 249424410529, 391392954153, 588857601250, 826542556256, 81704390408, 689374405196, 336730945601, 71381313699, 482169296333.628, 736145865141.1898, 467452269495.4895, 765776449075.5375, 657911674659.2313, 242225020314.41608, 554772033459.693, 286547148868.41833, 673168570416.4615, 482169296333.8801, 564771175268.9982, 267076846542.4498, 398866129941.7421, 581770035853.2997, 794286495910.8048, 239002513667.31076, 614964132752.6577, 378451914510.469, 104450436422.49658, 398866129942.3701, 624945289055.3113, 447114676592.3853, 742075606443.4198, 603509321594.62, 246427408293.11816, 538309469489.017, 298673115236.82684, 664569225521.3512, 459712677191.23145, 496335346818.3686, 289559097406.4373, 398866129942.39844, 527697380398.5711, 685759071905.4094, 279728227826.9744, 581544795809.3568, 383728938552.3619, 170814643813.92368, 398866129942.9981, 536908277319.81396, 431926920164.5069, 682968599787.2489, 548820241308.12854, 281355359111.81885, 512111389063.4164, 305685995654.9057, 552761463559.4788, 450010821410.81805, 495577255465.2601, 303144333798.9275, 398866129943.13654, 513905157537.57495, 573383143097.8203, 318102223408.76324, 509016500684.38983, 385605735341.9191, 221879532452.18744, 281355359112.44684, 497748923678.8667, 369922998443.3981, 526413988678.6809, 485886323028.3265, 281355359112.52124, 506947928160.86566, 297469371731.7774, 496639148940.5651, 430727848832.1439, 479898434716.28436, 296714292066.2186, 371940296296.5568, 469838564476.94855, 559377711801.9015, 311203039905.46576, 444883221224.5515, 354499867087.88947, 233548121269.64728, 430727848832.7719, 479214068847.2095, 381776492598.91614, 523491975095.87854, 471123348449.465, 301306164999.90295, 488696646724.66046, 322143271319.9145, 493256219928.9578, 430727848832.93207, 476829503158.63745, 348390897555.76697, 372930254401.9899, 468664679969.49713, 526232740420.6504, 334780077256.95917, 442835491969.0923, 371575639329.57605, 298002925373.0705, 372930254402.6179, 463990002414.31354, 378299279256.963, 467856787691.84125, 466655821450.77203, 301338049863.40344, 451785147196.8661, 333099146088.7673, 444516091145.20654, 415805006531.4536, 435941530222.77515, 349584000287.58887, 372930254402.8649, 442001068272.98254, 499402803346.92285, 336459215568.4542, 434814997900.7529, 371601779314.9897, 301076322522.17285, 378299279257.591, 441890241400.05835, 378299279257.7889, 456158075161.24603, 439710882641.005, 331487032929.7981, 450038240063.85364, 345936307581.8894, 439105409140.62396, 413091698794.25165, 431279430933.00696, 354206741926.65656, 373323265167.3178, 426919518428.72815, 463793640660.87946, 351323344793.05695, 426946040269.20447, 372448021505.9558, 333775415799.84827, 378299279258.219, 426650641865.19366, 378299279258.5445, 453893078235.2628, 434402399659.4864, 349382137892.34186, 447209672159.1736, 346269155265.8445, 424166034982.0201, 405286257400.0635, 423503915130.9512, 362912174852.8032, 374349125152.6183, 422350156255.16504, 432854087085.8404, 355039936345.3257, 422477027069.38135, 372755882104.991, 347526810438.92944, 362912174853.4312, 406878308601.1356, 375604808123.15546, 426714581663.95013, 427830320506.7133, 351308246443.8489, 426779362642.94214, 353098223506.22644, 409132028552.15326, 405220808480.18823, 411380102313.1303, 362912174853.56976, 373914725205.51196, 406048916578.53064, 416806802388.81573, 356317353804.9215, 407712787590.07495, 371900570461.24634, 351839882348.17535, 362912174854.0592, 403267876875.096, 373884736892.529, 403378685161.88214, 410015876239.72894, 355473061865.0552, 406757647184.897, 356291073007.91943, 395103959405.3454, 401280895484.5722, 396563356705.32886, 362912174854.20984, 370098646887.7146, 393465807020.73114, 412253644255.0798, 357674600545.6509, 400407562202.3516, 369629768114.4009, 355074417878.27515, 373884736893.157, 394576705880.4411, 373884736893.41364, 400143106328.8223, 405835002565.5332, 358847621503.683, 400257930202.6051, 363280609706.1585, 388816120961.5563, 391920919383.8687, 390085989497.8085, 367251467809.3379, 370730399175.78217, 388912238953.2728, 406721994727.8524, 363589479009.5091, 398797794346.8414, 371092447566.81256, 358438818054.1996, 373884736893.785, 391968816458.6, 373884736894.07074, 392236902444.49316, 403178672741.489, 362022517712.81024, 389690131229.17926, 364114311014.50415, 388278213452.32733, 387896055176.39844, 383997344784.543, 369222077291.4168, 370889275046.31354, 387257380691.4487, 405560813683.018, 364764736880.7185, 398218946156.3363, 371992754144.3569, 365030158700.84796, 383997344785.171, 388789401997.9947, 374628536940.569, 390732295942.51587, 399404898061.69135, 366782556649.36096, 387850053443.9513, 364278223742.80194, 386584484828.52295, 387288257942.2547, 383997344785.2813, 372169267521.2922, 376240736112.3245, 386672393602.69684, 401932612101.60315, 371979097484.76044, 394848213173.79565, 373133906925.39166, 368072299062.71234, 383997344785.799, 388742423168.9411, 374803718389.9954, 389780562331.0034, 392767452287.9865, 372469485295.28595, 387758397692.3545, 368267242188.88385, 385819085583.48895, 385945324862.3249, 383997344786.1292, 376263318544.4205, 377192729735.18036, 385834086645.58405, 397043090797.20294, 374823766088.05566, 394543099376.6221, 376142513246.4961, 369925212704.0712, 383997344786.427, 387933554771.24536, 374891878448.1213, 388820701197.8368, 391827902865.58, 375396715507.02594, 387391133738.54047, 371981716852.1754, 385393420598.9041, 385287917784.7872, 383997344786.8409, 378749773710.98505, 378952454899.1681, 385501291246.90985, 395984474040.4369, 377725820312.3845, 391117544488.02234, 379149442279.8261, 371931408277.52106, 379149442280.4541, 385342050659.74554, 376158281232.73236, 388377032969.49396, 388857196748.45905, 375819310129.9497, 386178623334.6298, 373536046321.5073, 384180750893.67365, 384254518690.0132, 382717949982.6601, 378851879202.2222, 379019680024.28314, 385309900112.99335, 389669839838.385, 377972217124.39496, 390830186683.9812, 379149442280.7197, 374641127168.15466, 382717949983.2881, 384948559482.92426, 376750408538.96344, 388144478375.72906, 388580879722.98694, 377927810866.3605, 384707719680.07825, 375629518313.6015, 384089988287.24756, 384105755412.65814, 382717949983.45776, 379143184150.50055, 380262849513.7514, 384574650788.7725, 387481505753.9307, 378976367262.9688, 387833496060.7282, 379528433690.1023, 375873644193.6086, 382717949983.9161, 384082803728.2779, 378568568553.91547, 386407234864.89386, 388346787120.5232, 379050081050.2267, 384224158923.68604, 375746142204.29614, 383952217894.0671, 384002543125.26, 382717949984.0882, 379443270916.188, 380654431056.2952, 384034042280.16895, 386333495592.0177, 379123449172.05664, 385792205335.8907, 379927971111.0793, 376857586380.2226, 384082803728.9059, 384082803728.9468, 380629463095.9351, 385798892378.51337, 387503505132.2359, 381199418333.35425, 384180880713.28613, 377819522740.7611, 383975628085.3349, 384010365598.44275, 382994191591.69055, 380859752347.0968, 381835794545.396, 384036684806.9014, 386214100209.5405, 381034660429.6971, 385086539134.9017, 380239329019.39417, 377470619359.9193]
Minimum support: 0.5
Number of cores: 14
Number of patterns: 6
Number of invalid patterns: 113

0. Date
1. BUDAPEST
2. BARANYA
3. BACS
4. BEKES
5. BORSOD
6. CSONGRAD
7. FEJER
8. GYOR
9. HAJDU
10. HEVES
11. JASZ
12. KOMAROM
13. NOGRAD
14. PEST
15. SOMOGY
16. SZABOLCS
17. TOLNA
18. VAS
19. VESZPREM
20. ZALA

File: data/hungary_chickenpox.csv

Pattern : Support
['1+', '2+', '5+', '8+', '11+'] : 0.504
['1+', '2+', '3+', '5+', '9+'] : 0.511
['1+', '4+', '10+', '11+'] : 0.516
['1+', '3+', '5+', '8+', '9+'] : 0.526
['1+', '2+', '3+', '4+', '14+'] : 0.504
['1+', '2+', '4+', '5+', '14+'] : 0.51


Iteration: Best Cost
0: 0.005847953216374269 
1: 0.0043859649122807015 
2: 0.003289473684210526 
3: 0.002178649237472767 
4: 0.0018867924528301887 
5: 0.0005202913631633715 
6: 0.0005202913631633715 
7: 0.0005202913631633715 
8: 0.0005202913631633715 
9: 0.0005202913631633715 
10: 0.00042265426880811494 
11: 0.00042265426880811494 
12: 0.0002486325211337643 
13: 0.0002486325211337643 
14: 0.0002486325211337643 
15: 0.0002486325211337643 
16: 0.0002486325211337643 
17: 0.0002486325211337643 
18: 0.0002486325211337643 
19: 0.0002486325211337643 
