Run-time: 0.3994436264038086 seconds
Total allocated memory size: 260.1 KiB
Algorithm: GA-GRAANK (v1.0)
Search Space: Bitmap
No. of (dataset) attributes: 10
No. of (dataset) tuples: 116
Population size: 8
PC: 0.776
Gamma: 0.746
Mu: 0.842
Sigma: 0.681
Number of iterations: 20
Number of cost evaluations: 240
Candidates: [158105.0, 103786.0, 158105.0, 103786.0, 108201.0, 154198.0, 108201.0, 154198.0, 173465.0, 157289.0, 173465.0, 157289.0, 88426.0, 154197.0, 88426.0, 154197.0, 154198.0, 108201.0, 154198.0, 108201.0, 157289.0, 103786.0, 157289.0, 103786.0, 157289.0, 154198.0, 157289.0, 154198.0, 103786.0, 157289.0, 103786.0, 157289.0, 173465.0, 154198.0, 173465.0, 154198.0, 103786.0, 103786.0, 103786.0, 103786.0, 103786.0, 173465.0, 103786.0, 173465.0, 103786.0, 154198.0, 103786.0, 154198.0, 103786.0, 103786.0, 103786.0, 103786.0, 173465.0, 103786.0, 173465.0, 103786.0, 103786.0, 103786.0, 103786.0, 103786.0, 103786.0, 103786.0, 103786.0, 103786.0, 103786.0, 103786.0, 103786.0, 103786.0, 103786.0, 103786.0, 103786.0, 103786.0, 103786.0, 103786.0, 103786.0, 103786.0, 103786.0, 103786.0, 103786.0, 103786.0, 103786.0, 103786.0, 103786.0, 103786.0, 103786.0, 103786.0, 103786.0, 103786.0, 103786.0, 103786.0, 103786.0, 103786.0, 103786.0, 103786.0, 103786.0, 103786.0, 103786.0, 103786.0, 103786.0, 103786.0, 103786.0, 103786.0, 103786.0, 103786.0, 103786.0, 103786.0, 103786.0, 103786.0, 103786.0, 103786.0, 103786.0, 103786.0, 103786.0, 103786.0, 103786.0, 103786.0, 103786.0, 103786.0, 103786.0, 103786.0, 103786.0, 103786.0, 103786.0, 103786.0, 103786.0, 103786.0, 103786.0, 103786.0, 103786.0, 103786.0, 103786.0, 103786.0, 103786.0, 103786.0, 103786.0, 103786.0, 103786.0, 103786.0, 103786.0, 103786.0, 103786.0, 103786.0, 103786.0, 103786.0, 103786.0, 103786.0, 103786.0, 103786.0, 103786.0, 103786.0, 103786.0, 103786.0, 103786.0, 103786.0, 103786.0, 103786.0, 103786.0, 103786.0, 103786.0, 103786.0, 103786.0, 103786.0, 103786.0, 103786.0, 103786.0, 103786.0, 103786.0, 103786.0, 103786.0, 103786.0, 103786.0, 103786.0, 103786.0, 103786.0, 103786.0, 103786.0, 103786.0, 103786.0, 103786.0, 103786.0, 103786.0, 103786.0, 103786.0, 103786.0, 103786.0, 103786.0, 103786.0, 103786.0, 103786.0, 103786.0, 103786.0, 103786.0, 103786.0, 103786.0, 103786.0, 103786.0, 103786.0, 103786.0, 103786.0, 103786.0, 103786.0, 103786.0, 103786.0, 103786.0, 103786.0, 103786.0, 103786.0, 103786.0, 103786.0, 103786.0, 103786.0, 103786.0, 103786.0, 103786.0, 103786.0, 103786.0, 103786.0, 103786.0, 103786.0, 103786.0, 103786.0, 103786.0, 103786.0, 103786.0, 103786.0, 103786.0, 103786.0, 103786.0, 103786.0, 103786.0, 103786.0, 103786.0, 103786.0, 103786.0, 103786.0, 103786.0, 103786.0, 103786.0, 103786.0, 103786.0]
Minimum support: 0.5
Number of cores: 14
Number of patterns: 1
Number of invalid patterns: 2

0. Age
1. BMI
2. Glucose
3. Insulin
4. HOMA
5. Leptin
6. Adiponectin
7. Resistin
8. MCP.1
9. Classification

File: data/breast_cancer.csv

Pattern : Support
['0-', '6+'] : 0.539


Iteration: Best Cost
0: 0.0020833333333333333 
1: 0.0020833333333333333 
2: 0.0020833333333333333 
3: 0.0020833333333333333 
4: 0.0020833333333333333 
5: 0.0020833333333333333 
6: 0.0020833333333333333 
7: 0.0020833333333333333 
8: 0.0020833333333333333 
9: 0.0020833333333333333 
10: 0.0020833333333333333 
11: 0.0020833333333333333 
12: 0.0020833333333333333 
13: 0.0020833333333333333 
14: 0.0020833333333333333 
15: 0.0020833333333333333 
16: 0.0020833333333333333 
17: 0.0020833333333333333 
18: 0.0020833333333333333 
19: 0.0020833333333333333 
