Run-time: 459.547306060791 seconds
Total allocated memory size: 267.5 KiB
Algorithm: GA-GRAANK (v1.0)
Search Space: Bitmap
No. of (dataset) attributes: 9
No. of (dataset) tuples: 10001
Population size: 17
PC: 0.5
Gamma: 527
Mu: 0.649
Sigma: 0.7
Number of iterations: 20
Number of cost evaluations: 320
Candidates: [425.0, 598.0, 425.0, 598.0, 321.0, 642.0, 361.0, 682.0, 357.0, 665.0, 357.0, 665.0, 618.0, 405.0, 618.0, 405.0, 682.0, 357.0, 682.0, 357.0, 680.0, 340.0, 681.0, 341.0, 598.0, 682.0, 598.0, 682.0, 341.0, 426.0, 341.0, 426.0, 682.0, 357.0, 682.0, 357.0, 425.0, 598.0, 425.0, 598.0, 341.0, 426.0, 341.0, 426.0, 405.0, 681.0, 405.0, 681.0, 341.0, 425.0, 341.0, 425.0, 682.0, 405.0, 682.0, 405.0, 357.0, 341.0, 357.0, 341.0, 357.0, 341.0, 357.0, 341.0, 682.0, 665.0, 682.0, 665.0, 682.0, 341.0, 682.0, 341.0, 341.0, 665.0, 341.0, 665.0, 341.0, 341.0, 341.0, 341.0, 341.0, 357.0, 341.0, 357.0, 665.0, 341.0, 665.0, 341.0, 341.0, 357.0, 341.0, 357.0, 341.0, 357.0, 341.0, 357.0, 682.0, 357.0, 682.0, 357.0, 357.0, 357.0, 357.0, 357.0, 357.0, 682.0, 357.0, 682.0, 357.0, 682.0, 357.0, 682.0, 357.0, 357.0, 357.0, 357.0, 665.0, 665.0, 665.0, 665.0, 357.0, 665.0, 357.0, 665.0, 357.0, 357.0, 357.0, 357.0, 357.0, 357.0, 357.0, 357.0, 357.0, 357.0, 357.0, 357.0, 357.0, 357.0, 357.0, 357.0, 357.0, 357.0, 357.0, 357.0, 357.0, 357.0, 357.0, 357.0, 357.0, 357.0, 357.0, 357.0, 357.0, 357.0, 357.0, 357.0, 357.0, 357.0, 357.0, 357.0, 357.0, 357.0, 357.0, 357.0, 357.0, 357.0, 357.0, 357.0, 357.0, 357.0, 357.0, 357.0, 357.0, 357.0, 357.0, 357.0, 357.0, 357.0, 357.0, 357.0, 357.0, 357.0, 357.0, 357.0, 357.0, 357.0, 357.0, 357.0, 357.0, 357.0, 357.0, 357.0, 357.0, 357.0, 357.0, 357.0, 357.0, 357.0, 357.0, 357.0, 357.0, 357.0, 357.0, 357.0, 357.0, 357.0, 357.0, 357.0, 357.0, 357.0, 357.0, 357.0, 357.0, 357.0, 357.0, 357.0, 357.0, 357.0, 357.0, 357.0, 357.0, 357.0, 357.0, 357.0, 357.0, 357.0, 357.0, 357.0, 357.0, 357.0, 357.0, 357.0, 357.0, 357.0, 357.0, 357.0, 357.0, 357.0, 357.0, 357.0, 357.0, 357.0, 357.0, 357.0, 357.0, 357.0, 357.0, 357.0, 357.0, 357.0, 357.0, 357.0, 357.0, 357.0, 357.0, 357.0, 357.0, 357.0, 357.0, 357.0, 357.0, 357.0, 357.0, 357.0, 357.0, 357.0, 357.0, 357.0, 357.0, 357.0, 357.0, 357.0, 357.0, 357.0, 357.0, 357.0, 357.0, 357.0, 357.0, 357.0, 357.0, 357.0, 357.0, 357.0, 357.0, 357.0, 357.0, 357.0, 357.0, 357.0, 357.0, 357.0, 357.0, 357.0, 357.0, 357.0, 357.0, 357.0, 357.0, 357.0, 357.0, 357.0, 357.0, 357.0, 357.0, 357.0, 357.0, 357.0, 357.0, 357.0, 357.0, 357.0, 357.0, 357.0, 357.0, 357.0, 357.0, 357.0, 357.0, 357.0]
Minimum support: 0.5
Number of cores: 14
Number of patterns: 0
Number of invalid patterns: 0

0. Date
1. Time
2. Global_active_power
3. Global_reactive_power
4. Voltage
5. Global_intensity
6. Sub_metering_1
7. Sub_metering_2
8. Sub_metering_3

File: data/power_consumption10k.csv

Pattern : Support


Iteration: Best Cost
0: 2.0027145995310804e-08 
1: 2.0027145995310804e-08 
2: 2.0027145995310804e-08 
3: 2.0027145995310804e-08 
4: 2.0027145995310804e-08 
5: 2.0027145995310804e-08 
6: 2.0027145995310804e-08 
7: 2.0027145995310804e-08 
8: 2.0027145995310804e-08 
9: 2.0027145995310804e-08 
10: 2.0027145995310804e-08 
11: 2.0027145995310804e-08 
12: 2.0027145995310804e-08 
13: 2.0027145995310804e-08 
14: 2.0027145995310804e-08 
15: 2.0027145995310804e-08 
16: 2.0027145995310804e-08 
17: 2.0027145995310804e-08 
18: 2.0027145995310804e-08 
19: 2.0027145995310804e-08 
