Run-time: 416.15096497535706 seconds
Total allocated memory size: 283.6 KiB
Algorithm: GA-GRAANK (v1.0)
Search Space: Bitmap
No. of (dataset) attributes: 21
No. of (dataset) tuples: 8074
Population size: 8
PC: 0.776
Gamma: 0.746
Mu: 0.842
Sigma: 0.681
Number of iterations: 20
Number of cost evaluations: 240
Candidates: [1451858282.0, 2521474726.0, 1453955434.0, 2522523302.0, 2312415321.0, 2263372954.0, 2572593497.0, 2523551130.0, 1783977557.0, 2841025109.0, 1783977557.0, 2841025109.0, 1767150165.0, 2510836138.0, 1767283285.0, 2510903722.0, 2320936598.0, 2259246490.0, 2857806486.0, 2796115354.0, 2863225242.0, 2522523302.0, 2863225242.0, 2522523302.0, 2509920794.0, 2589349417.0, 2509920922.0, 2589349481.0, 2522523302.0, 2510902633.0, 2522523302.0, 2510902633.0, 696604249.0, 441100966.0, 1772443225.0, 1515891366.0, 2509854041.0, 2589350550.0, 2509854041.0, 2589350550.0, 2522506921.0, 2522523302.0, 2522506921.0, 2522523302.0, 2857745814.0, 1436188265.0, 2857739670.0, 1436183145.0, 2523571862.0, 2522523302.0, 2523571862.0, 2522523302.0, 2589371030.0, 1717130597.0, 2589371030.0, 1717130597.0, 2523571862.0, 2522523302.0, 2523571862.0, 2522523302.0, 2522523302.0, 2522523302.0, 2522523302.0, 2522523302.0, 2522523302.0, 2523571862.0, 2522523302.0, 2523571862.0, 2523571862.0, 2522523302.0, 2523571862.0, 2522523302.0, 2523571862.0, 2523571862.0, 2523571862.0, 2523571862.0, 2523571862.0, 2523571862.0, 2523571862.0, 2523571862.0, 2522523302.0, 2523571862.0, 2522523302.0, 2523571862.0, 2523571862.0, 2523571862.0, 2523571862.0, 2523571862.0, 2523571862.0, 2523571862.0, 2523571862.0, 2523571862.0, 2523571862.0, 2523571862.0, 2523571862.0, 2523571862.0, 2523571862.0, 2523571862.0, 2523571862.0, 2523571862.0, 2523571862.0, 2523571862.0, 2523571862.0, 2523571862.0, 2523571862.0, 2523571862.0, 2523571862.0, 2523571862.0, 2523571862.0, 2523571862.0, 2523571862.0, 2523571862.0, 2523571862.0, 2523571862.0, 2523571862.0, 2523571862.0, 2523571862.0, 2523571862.0, 2523571862.0, 2523571862.0, 2523571862.0, 2523571862.0, 2523571862.0, 2523571862.0, 2523571862.0, 2523571862.0, 2523571862.0, 2523571862.0, 2523571862.0, 2523571862.0, 2523571862.0, 2523571862.0, 2523571862.0, 2523571862.0, 2523571862.0, 2523571862.0, 2523571862.0, 2523571862.0, 2523571862.0, 2523571862.0, 2523571862.0, 2523571862.0, 2523571862.0, 2523571862.0, 2523571862.0, 2523571862.0, 2523571862.0, 2523571862.0, 2523571862.0, 2523571862.0, 2523571862.0, 2523571862.0, 2523571862.0, 2523571862.0, 2523571862.0, 2523571862.0, 2523571862.0, 2523571862.0, 2523571862.0, 2523571862.0, 2523571862.0, 2523571862.0, 2523571862.0, 2523571862.0, 2523571862.0, 2523571862.0, 2523571862.0, 2523571862.0, 2523571862.0, 2523571862.0, 2523571862.0, 2523571862.0, 2523571862.0, 2523571862.0, 2523571862.0, 2523571862.0, 2523571862.0, 2523571862.0, 2523571862.0, 2523571862.0, 2523571862.0, 2523571862.0, 2523571862.0, 2523571862.0, 2523571862.0, 2523571862.0, 2523571862.0, 2523571862.0, 2523571862.0, 2523571862.0, 2523571862.0, 2523571862.0, 2523571862.0, 2523571862.0, 2523571862.0, 2523571862.0, 2523571862.0, 2523571862.0, 2523571862.0, 2523571862.0, 2523571862.0, 2523571862.0, 2523571862.0, 2523571862.0, 2523571862.0, 2523571862.0, 2523571862.0, 2523571862.0, 2523571862.0, 2523571862.0, 2523571862.0, 2523571862.0, 2523571862.0, 2523571862.0, 2523571862.0, 2523571862.0, 2523571862.0, 2523571862.0, 2523571862.0, 2523571862.0, 2523571862.0, 2523571862.0, 2523571862.0, 2523571862.0, 2523571862.0, 2523571862.0, 2523571862.0, 2523571862.0, 2523571862.0, 2523571862.0, 2523571862.0, 2523571862.0, 2523571862.0, 2523571862.0, 2523571862.0, 2523571862.0, 2523571862.0, 2523571862.0, 2523571862.0, 2523571862.0]
Minimum support: 0.5
Number of cores: 14
Number of patterns: 2
Number of invalid patterns: 42

0. date_time
1. id_site
2. Tpic
3. Dir
4. Etal
5. Tz
6. Hm0
7. Ts1
8. Ts2
9. Tc
10. Tav
11. Tint
12. Tp
13. EPS2
14. EPS4
15. Qp
16. S2
17. Tref
18. Tw
19. Batt
20. timestamp

File: data/directio8k.csv

Pattern : Support
['2+', '3-', '5+', '8+', '10+', '11+', '14+'] : 0.509
['3-', '4+'] : 0.586


Iteration: Best Cost
0: 3.441629955947137e-05 
1: 3.441629955947137e-05 
2: 2.5326778762989473e-06 
3: 2.5326778762989473e-06 
4: 2.5326778762989473e-06 
5: 2.5326778762989473e-06 
6: 2.5326778762989473e-06 
7: 2.5326778762989473e-06 
8: 2.5326778762989473e-06 
9: 2.5326778762989473e-06 
10: 2.5326778762989473e-06 
11: 2.5326778762989473e-06 
12: 2.5326778762989473e-06 
13: 2.5326778762989473e-06 
14: 2.5326778762989473e-06 
15: 2.5326778762989473e-06 
16: 2.5326778762989473e-06 
17: 2.5326778762989473e-06 
18: 2.5326778762989473e-06 
19: 2.5326778762989473e-06 
