Run-time: 407.33957862854004 seconds
Total allocated memory size: 281.9 KiB
Algorithm: PSO-GRAANK (v2.0)
Search Space: Numeric
No. of (dataset) attributes: 15
No. of (dataset) tuples: 9357
Particle population: 19
Velocity coeff.: 0.9
Personal coeff.: 0.14
Global coeff.: 0.431
Number of iterations: 20
Number of cost evaluations: 380
Candidates: [261447, 2673635, 3734377, 8698160, 7331791, 2231408, 7753111, 11431100, 2421636, 7540990, 5729322, 719651, 1320773, 6993328, 14119167, 9672959, 2796767, 9740013, 4472669, 7753111.9, 4148228.1315459628, 4495136.936358307, 8539438.472964983, 7390535.645713679, 2541596.9476323146, 7753112.011262469, 11160878.439991284, 3894883.8965550577, 7581165.6038413355, 6365003.470077876, 1672264.5890963683, 1646891.8602524204, 7013717.464397081, 13327504.343269704, 9244300.357252477, 4679253.787155706, 9243233.97408893, 4540386.85893222, 7753112.911262469, 5263128.165513208, 4495766.847137427, 8380545.791390871, 7432536.210532986, 2822626.5719059547, 7753112.977823663, 9799234.525558013, 4018993.1055243565, 7649698.80928108, 6762241.327278193, 2712425.7817208953, 3717064.8187102918, 7253156.557828293, 12219340.562747268, 8713720.478434835, 5633216.8688720595, 9114280.2581809, 5729844.4513990525, 7432537.110532986, 5752187.117166025, 4524075.070770078, 8099317.972495093, 7432537.281823823, 4725959.76476144, 7642783.229533879, 8888943.076950753, 4632446.423256752, 7627313.38587308, 6888213.677833165, 2743262.9067661944, 5138370.785469169, 7274489.338280159, 11675991.488457689, 8322648.651558559, 5682913.518829597, 8783343.668429838, 6433789.087424183, 7432538.010532986, 5856969.697402503, 5753688.259873809, 8046596.719478926, 7432538.333697729, 5572243.938322273, 7566796.528648672, 8484946.386950085, 5304052.238029692, 7556802.237843214, 7075979.282824591, 4200703.997521209, 5635959.814948032, 7275559.506843552, 10994158.678261297, 8259168.8158468045, 6111936.582087259, 8728080.466519237, 6486517.47765249, 8259169.715846805, 5974834.1785693215, 6313898.250920674, 8082948.886987203, 7523719.03862805, 6633651.862514691, 7745158.267683008, 8418499.941917498, 5539760.776665834, 7612813.167146788, 7378234.272065026, 5035148.7076602, 6036074.36204044, 7668797.22153835, 10627911.70937182, 8259169.751528294, 6721799.104948037, 8648202.030278614, 7044001.3640779, 8259170.615846805, 6176519.774224709, 6683413.613734326, 8097181.103098819, 7637414.841169889, 7010032.533222835, 7958531.95718277, 8385151.945378316, 5731635.514279664, 7786935.846962039, 7710540.691224055, 6155325.711065914, 6088566.959853622, 7790301.322765992, 9659169.30017416, 8259170.851158855, 6918154.396935785, 8505901.359640816, 7317570.144075012, 8259171.515846806, 7063665.19645787, 6995718.410940112, 8131671.171141059, 7818516.683697031, 7262289.290471851, 8039268.92585323, 8357917.492340545, 6488073.824145468, 7951385.835316306, 7927734.468973253, 6817799.285373547, 6529909.868649157, 7979044.648233136, 9090294.791811373, 8259171.79810152, 7469460.288157098, 8505075.561720878, 7466567.4882541215, 7466568.388254122, 7144222.21999277, 7004237.145552154, 8061922.409365501, 7716520.213512504, 7301075.126128033, 7869152.896957142, 8102362.188830278, 6812406.723341345, 7917304.030684881, 7753363.307631315, 6962558.935619238, 6640657.539892124, 7950994.288271305, 8877769.797369026, 7927345.167377846, 7469379.010222767, 8060687.217801838, 7466568.593093428, 7466569.288254122, 7185222.368321651, 7171086.342113793, 7974517.262937366, 7671780.656686324, 7349666.890698257, 7858151.57001941, 8081231.714033966, 6975821.168179958, 7808257.038897223, 7683369.224068277, 7063124.692110044, 6944368.822243414, 7788929.996021684, 8399104.841859074, 7897238.805565408, 7469059.573144352, 8027759.840340884, 7466569.665259215, 7671781.556686324, 7336023.029093507, 7303179.923185295, 7864145.103422646, 7671781.924521436, 7423621.405655499, 7853146.368752449, 7959251.553535175, 7048431.043556363, 7786376.190827212, 7681979.696521335, 7191368.514582878, 7236741.749190795, 7786250.254964545, 8131146.998241708, 7863986.440279423, 7554919.814860378, 8011821.109011949, 7515419.867631145, 7671782.456686324, 7419445.9505376965, 7405036.624551172, 7862079.423743868, 7671782.831866958, 7508350.10016897, 7807325.540406897, 7867204.766603493, 7065645.199192574, 7748906.976405882, 7679169.780097577, 7352379.873781691, 7281016.466369442, 7778564.0810844395, 8060692.362299741, 7824078.775598225, 7583657.188663502, 7962683.667354424, 7520816.759975232, 7671783.356686325, 7450261.560305598, 7428525.261234574, 7833063.642895065, 7671783.80875312, 7546197.268011177, 7756231.263279759, 7814410.485390024, 7207454.826804078, 7721438.9915162865, 7676739.569864957, 7373576.004108021, 7297868.652530622, 7771393.702254269, 8005609.574002057, 7790100.350769294, 7595405.323040335, 7843929.513106308, 7526119.697068976, 7833064.542895066, 7598326.623210814, 7491891.772255974, 7833064.631115358, 7734838.719331798, 7583541.371415603, 7768579.597765324, 7821324.355675643, 7251521.963858459, 7762675.327842204, 7715201.591022594, 7492940.277572766, 7321702.69984433, 7782248.389583256, 7993367.1055380525, 7802046.136239052, 7624780.153010641, 7841699.264677385, 7540584.623198454, 7833065.442895066, 7627369.6648447905, 7566760.900844548, 7833065.773310259, 7761988.0640423605, 7599092.789994837, 7780550.068655236, 7822853.400814407, 7383766.351492561, 7777844.029330625, 7742813.965067457, 7629899.028212556, 7418599.926547075, 7802398.353632638, 7975874.975131538, 7806012.360367246, 7677497.2854297785, 7839436.107402614, 7565666.915690185, 7802399.253632639, 7683503.161062611, 7583440.239256434, 7828322.760094984, 7774217.722348353, 7651242.251836375, 7781496.101688859, 7819345.373314841, 7453049.294442946, 7779153.907345872, 7749050.395133344, 7655069.150052628, 7436518.4301900705, 7802399.473767217, 7922849.242840008, 7805219.783379258, 7695427.632596171, 7830295.270829727, 7652017.628148774, 7695428.532596172, 7686607.688435017, 7630138.997445924, 7828258.1821885565, 7742722.685983659, 7652884.803932683, 7755832.297794697, 7780024.834633495, 7503796.517095572, 7766184.114701564, 7727783.903137462, 7665305.5564832, 7492623.479781168, 7797391.409919821, 7889302.3150577415, 7794457.822696016, 7695428.663862612, 7790711.012683115, 7667441.889793312, 7695429.432596172, 7686788.95626112, 7640321.916040964, 7801365.451285618, 7725428.542653406, 7668447.466466859, 7732877.484414228, 7778261.949412964, 7547872.667814921, 7755870.908717843, 7722832.145325468, 7672031.789167848, 7529659.094340953, 7786840.146243265, 7889131.529145588, 7785544.17991846, 7695429.694719497, 7783134.270062899, 7678941.405708214, 7695430.332596173, 7687740.308302777, 7642713.604652502, 7800483.855379667, 7720599.2225445835, 7669620.054403528, 7719408.570028924, 7751427.745912382, 7600244.999729903, 7732883.444158776, 7715084.358571314, 7677427.281917838, 7597535.372271962, 7752529.238595451, 7850722.214432469, 7785013.950663238, 7695430.84228491, 7748401.401523528, 7683851.914764987, 7695431.232596173, 7689670.3387248395, 7644478.205834401, 7781213.682092742, 7718732.946486093, 7671657.282343159, 7714883.461179807, 7739575.583749944, 7631050.220858783, 7732194.261818016, 7706945.615076166, 7680470.614428233, 7601939.880657811, 7742101.584332884, 7805884.938916552, 7767088.651434505, 7695431.767056822, 7734324.84738458, 7686605.349321129]
Minimum support: 0.5
Number of cores: 14
Number of patterns: 3
Number of invalid patterns: 107

0. Date
1. Time
2. CO(GT)
3. PT08.S1(CO)
4. NMHC(GT)
5. C6H6(GT)
6. PT08.S2(NMHC)
7. NOx(GT)
8. PT08.S3(NOx)
9. NO2(GT)
10. PT08.S4(NO2)
11. PT08.S5(O3)
12. T
13. RH
14. AH

File: data/air_quality.csv

Pattern : Support
['2+', '3+', '5+', '7+', '9+'] : 0.505
['2+', '3+', '6+', '7+', '11+'] : 0.528
['2+', '3+', '5+', '9+', '11+'] : 0.508


Iteration: Best Cost
0: 3.686122265726656e-07 
1: 1.1174757563634657e-07 
2: 1.032765518851069e-07 
3: 1.032765518851069e-07 
4: 4.493851243098118e-08 
5: 4.493851243098118e-08 
6: 4.493851243098118e-08 
7: 4.493851243098118e-08 
8: 4.493851243098118e-08 
9: 4.493851243098118e-08 
10: 4.493851243098118e-08 
11: 4.493851243098118e-08 
12: 4.493851243098118e-08 
13: 4.493851243098118e-08 
14: 4.493851243098118e-08 
15: 4.493851243098118e-08 
16: 4.493851243098118e-08 
17: 4.493851243098118e-08 
18: 4.493851243098118e-08 
19: 4.493851243098118e-08 
