Run-time: 0.37644195556640625 seconds
Total allocated memory size: 260.7 KiB
Algorithm: GA-GRAANK (v2.0)
Search Space: Numeric
No. of (dataset) attributes: 10
No. of (dataset) tuples: 116
Population size: 8
PC: 0.776
Gamma: 0.746
Mu: 0.842
Sigma: 0.681
Number of iterations: 20
Number of cost evaluations: 240
Candidates: [225446, 207458, 254466, 74588, 221218, 211686, 212188, 116866, 138086, 144695, 262143, 262143, 221396, 252934, 213366, 262143, 237474, 99256, 262143, 92266, 146927, 115283, 262143, 112833, 158502, 171729, 262143, 262143, 161440, 192968, 114400, 262143, 185981, 193027, 262143, 262143, 142423, 187808, 124233, 262143, 176261, 195070, 262143, 262143, 206203, 124028, 66233, 240088, 178219, 176189, 262143, 262143, 212319, 213234, 123399, 132344, 121798, 119300, 217998, 199300, 180555, 166176, 262143, 262143, 156726, 172327, 262143, 262143, 182172, 153414, 262143, 262143, 115916, 93215, 159166, 32155, 119358, 121740, 193588, 117700, 148081, 172617, 262143, 262143, 177773, 144925, 262143, 262143, 82154, 100944, 21544, 9444, 242785, 223868, 262143, 238688, 81221, 163121, 12211, 262143, 71029, 150602, 10299, 156022, 172638, 198693, 262143, 262143, 34719, 98957, 47199, 88577, 146898, 64612, 262143, 66112, 164864, 101812, 262143, 18122, 194872, 141548, 262143, 115488, 11330, 11179, 13330, 11799, 84655, 124088, 86555, 240888, 77345, 190450, 73355, 262143, 233297, 87280, 262143, 72800, 22034, 203483, 20344, 34883, 117747, 150048, 177477, 262143, 47884, 27671, 77844, 76711, 183330, 137247, 262143, 262143, 14041, 61514, 40041, 15144, 125119, 100398, 251199, 3988, 10060, 9682, 10600, 6822, 41189, 41909, 41889, 49099, 14202, 14271, 44022, 44711, 172403, 42040, 122433, 20040, 21874, 60369, 18774, 63699, 15410, 41622, 55100, 46222, 22442, 28890, 24422, 28900, 30109, 45446, 1199, 54466, 127564, 137847, 262143, 262143, 138177, 70566, 262143, 5666, 11631, 12956, 11331, 29566, 62062, 13493, 20662, 33433, 46509, 39620, 45599, 96200, 72428, 37101, 24288, 31101, 60575, 77513, 755, 75133, 186929, 140336, 169299, 103366, 119617, 145794, 196677, 262143, 47301, 32140, 77011, 21140, 37867, 50076, 78877, 76]
Minimum support: 0.5
Number of cores: 14
Number of patterns: 2
Number of invalid patterns: 25

0. Age
1. BMI
2. Glucose
3. Insulin
4. HOMA
5. Leptin
6. Adiponectin
7. Resistin
8. MCP.1
9. Classification

File: data/breast_cancer.csv

Pattern : Support
['0+', '2+'] : 0.544
['0+', '4+'] : 0.507


Iteration: Best Cost
0: 0.0011534025374855825 
1: 0.0011534025374855825 
2: 0.0011534025374855825 
3: 0.0011534025374855825 
4: 0.0010080645161290322 
5: 0.0010080645161290322 
6: 0.0010080645161290322 
7: 0.0010080645161290322 
8: 0.0010080645161290322 
9: 0.0008110300081103001 
10: 0.0008110300081103001 
11: 0.0006207324643078833 
12: 0.0006207324643078833 
13: 0.0006207324643078833 
14: 0.0006207324643078833 
15: 0.0006207324643078833 
16: 0.0006207324643078833 
17: 0.0006207324643078833 
18: 0.0006207324643078833 
19: 0.0005885815185403178 
