Run-time: 1.2404875755310059 seconds
Total allocated memory size: 258.6 KiB
Algorithm: GA-GRAANK (v1.0)
Search Space: Bitmap
No. of (dataset) attributes: 11
No. of (dataset) tuples: 589
Population size: 8
PC: 0.776
Gamma: 0.746
Mu: 0.842
Sigma: 0.681
Number of iterations: 20
Number of cost evaluations: 240
Candidates: [1381749.0, 2759349.0, 1414485.0, 2775717.0, 2532955.0, 1660251.0, 2532954.0, 1660250.0, 1938986.0, 2004517.0, 1676906.0, 1480357.0, 1660250.0, 1480357.0, 1660250.0, 1480357.0, 2532954.0, 1676906.0, 2532954.0, 1676906.0, 2792086.0, 2775717.0, 2792086.0, 2775717.0, 2532954.0, 1676906.0, 2532954.0, 1676906.0, 1660250.0, 1414485.0, 1660250.0, 1414485.0, 1414485.0, 1660250.0, 1414485.0, 1660250.0, 1414485.0, 1660250.0, 1414485.0, 1660250.0, 1660250.0, 1414485.0, 1660250.0, 1414485.0, 1414485.0, 1660250.0, 1414485.0, 1660250.0, 1414485.0, 1480357.0, 1414485.0, 1480357.0, 1414485.0, 1480357.0, 1414485.0, 1480357.0, 1414485.0, 1414485.0, 1414485.0, 1414485.0, 1414485.0, 1414485.0, 1414485.0, 1414485.0, 1414485.0, 1414485.0, 1414485.0, 1414485.0, 1414485.0, 1414485.0, 1414485.0, 1414485.0, 1414485.0, 1414485.0, 1414485.0, 1414485.0, 1414485.0, 1414485.0, 1414485.0, 1414485.0, 1414485.0, 1414485.0, 1414485.0, 1414485.0, 1414485.0, 1414485.0, 1414485.0, 1414485.0, 1414485.0, 1414485.0, 1414485.0, 1414485.0, 1414485.0, 1414485.0, 1414485.0, 1414485.0, 1414485.0, 1414485.0, 1414485.0, 1414485.0, 1414485.0, 1414485.0, 1414485.0, 1414485.0, 1414485.0, 1414485.0, 1414485.0, 1414485.0, 1414485.0, 1414485.0, 1414485.0, 1414485.0, 1414485.0, 1414485.0, 1414485.0, 1414485.0, 1414485.0, 1414485.0, 1414485.0, 1414485.0, 1414485.0, 1414485.0, 1414485.0, 1414485.0, 1414485.0, 1414485.0, 1414485.0, 1414485.0, 1414485.0, 1414485.0, 1414485.0, 1414485.0, 1414485.0, 1414485.0, 1414485.0, 1414485.0, 1414485.0, 1414485.0, 1414485.0, 1414485.0, 1414485.0, 1414485.0, 1414485.0, 1414485.0, 1414485.0, 1414485.0, 1414485.0, 1414485.0, 1414485.0, 1414485.0, 1414485.0, 1414485.0, 1414485.0, 1414485.0, 1414485.0, 1414485.0, 1414485.0, 1414485.0, 1414485.0, 1414485.0, 1414485.0, 1414485.0, 1414485.0, 1414485.0, 1414485.0, 1414485.0, 1414485.0, 1414485.0, 1414485.0, 1414485.0, 1414485.0, 1414485.0, 1414485.0, 1414485.0, 1414485.0, 1414485.0, 1414485.0, 1414485.0, 1414485.0, 1414485.0, 1414485.0, 1414485.0, 1414485.0, 1414485.0, 1414485.0, 1414485.0, 1414485.0, 1414485.0, 1414485.0, 1414485.0, 1414485.0, 1414485.0, 1414485.0, 1414485.0, 1414485.0, 1414485.0, 1414485.0, 1414485.0, 1414485.0, 1414485.0, 1414485.0, 1414485.0, 1414485.0, 1414485.0, 1414485.0, 1414485.0, 1414485.0, 1414485.0, 1414485.0, 1414485.0, 1414485.0, 1414485.0, 1414485.0, 1414485.0, 1414485.0, 1414485.0, 1414485.0, 1414485.0, 1414485.0, 1414485.0, 1414485.0, 1414485.0, 1414485.0, 1414485.0, 1414485.0, 1414485.0, 1414485.0, 1414485.0, 1414485.0, 1414485.0, 1414485.0, 1414485.0, 1414485.0, 1414485.0, 1414485.0, 1414485.0, 1414485.0, 1414485.0, 1414485.0, 1414485.0]
Minimum support: 0.5
Number of cores: 14
Number of patterns: 0
Number of invalid patterns: 0

0. Age
1. ALB
2. ALP
3. ALT
4. AST
5. BIL
6. CHE
7. CHOL
8. CREA
9. GGT
10. PROT

File: data/hcv_data.csv

Pattern : Support


Iteration: Best Cost
0: 0.00020173492031470649 
1: 0.00020173492031470649 
2: 0.00020173492031470649 
3: 0.00020173492031470649 
4: 0.00020173492031470649 
5: 0.00020173492031470649 
6: 0.00020173492031470649 
7: 0.00020173492031470649 
8: 0.00020173492031470649 
9: 0.00020173492031470649 
10: 0.00020173492031470649 
11: 0.00020173492031470649 
12: 0.00020173492031470649 
13: 0.00020173492031470649 
14: 0.00020173492031470649 
15: 0.00020173492031470649 
16: 0.00020173492031470649 
17: 0.00020173492031470649 
18: 0.00020173492031470649 
19: 0.00020173492031470649 
