Run-time: 467.53716588020325 seconds
Total allocated memory size: 280.8 KiB
Algorithm: PSO-GRAANK (v2.0)
Search Space: Numeric
No. of (dataset) attributes: 15
No. of (dataset) tuples: 9357
Particle population: 19
Velocity coeff.: 0.628
Personal coeff.: 0.14
Global coeff.: 0.431
Number of iterations: 20
Number of cost evaluations: 380
Candidates: [3828886, 2641144, 10743055, 5460296, 10971439, 8777391, 7574302, 3822324, 15647251, 14138087, 6513516, 9633995, 12145532, 10396672, 10098203, 2978799, 8789047, 2029400, 11531617, 15647251.628, 4812443.201275414, 11913547.777367609, 9369209.90849718, 12405363.087658053, 11472341.928252894, 9370446.563501885, 7488336.20166686, 15647251.680950398, 14738040.557067119, 9648896.183663774, 10611925.87182508, 12566070.218484566, 12517774.679517806, 11091496.466108393, 5664440.830748327, 9695611.735240756, 7631180.056485533, 12877455.805055356, 15647252.256000001, 9153744.088771774, 12078414.179957006, 11290104.938255712, 13487540.64967045, 11965999.02368922, 10433909.481815238, 9690998.033763904, 15647252.549899016, 14752528.915388849, 11350255.856399814, 10865474.069566237, 12995460.301336583, 13418610.673690014, 12004561.126353791, 5707738.401151108, 10324158.88772455, 7815044.161258405, 13585719.155423526, 15647252.884000001, 9763561.560901884, 13041264.613488492, 11868227.827341797, 14377596.24943953, 12084150.126121541, 12047297.6209736, 11193432.496870182, 15647253.215342732, 14972087.427600378, 12198385.268152263, 10954585.137944607, 13392261.297274575, 13422937.744090116, 13328748.791034896, 6114294.491795315, 12233006.173730664, 10133378.370228387, 13723819.051061865, 15647253.512000002, 10077386.350945203, 13918875.91448394, 12918803.895561004, 14611752.252133843, 12626299.2154119, 12477084.94669588, 11676952.362145513, 15647253.894023772, 15197421.486900916, 13269036.670703877, 11652738.346183788, 13768269.360049525, 14308340.61354018, 14156657.399567287, 7664383.274998145, 13652841.475833077, 10210143.53576981, 14305846.467994252, 15647254.140000002, 10484307.346505074, 14124694.113332344, 13154236.238840926, 14889071.343837598, 13329922.601708086, 13308457.10327969, 12989855.202162113, 15647254.57362377, 15215218.801087357, 14196022.982235698, 12269701.111600809, 14307935.583637392, 14717134.058691092, 14529616.223498136, 10304947.650751906, 14231523.3970446, 11789419.651322575, 14711255.273219313, 14717134.686691092, 10896859.247873278, 14211303.984830307, 13368403.36185882, 14844014.038205296, 13448504.091944603, 13380826.778973352, 13420931.027375445, 15473956.638449823, 15092743.362640144, 14275227.233335216, 12622284.63857236, 14392491.291824434, 14717134.812870126, 14559792.023745976, 10690874.794378148, 14418531.33197621, 12471031.839448897, 14711669.573280102, 14717135.314691093, 11517843.140947705, 14309573.953546094, 13817485.727921797, 14834867.774980336, 13516933.547506312, 13547055.672385896, 13869342.438069724, 15201357.831865454, 15048414.323794363, 14292179.020272575, 13158848.11177834, 14404125.796119358, 14717135.509274783, 14569821.86228853, 11445355.314415088, 14448414.208671685, 13369465.502702283, 14713809.502273643, 14717135.942691093, 12469602.89715102, 14444818.674978953, 14008479.671313066, 14803433.044413965, 13530934.841463847, 13611532.254644258, 14006713.58546638, 15014817.998617861, 14985437.171889855, 14419782.043767963, 13534712.558995321, 14452034.43563965, 14717136.22782672, 14570367.664962333, 12004877.93103707, 14515053.196707793, 13537182.085530993, 14714158.414893469, 14717136.85582672, 12552981.82170994, 14496879.32384027, 14279686.171308184, 14795155.858846875, 14031179.115970057, 13742277.941405825, 14111583.029368766, 14950998.887646113, 14899168.727873236, 14527574.051081186, 13975568.645246383, 14470858.295326771, 14717136.941160807, 14612656.39081585, 12817086.35484375, 14558732.111891383, 13819499.403202184, 14714689.513303986, 14717137.483826721, 13187875.985140227, 14506962.538492266, 14287932.506949026, 14790138.85908288, 14317560.62273401, 13811783.384234084, 14311959.333740605, 14856947.202594241, 14873687.055457346, 14563991.142105566, 14219701.34099688, 14575120.119431661, 14717137.578393074, 14648393.292786004, 13304371.473829525, 14600280.901730705, 14106326.416534014, 14715042.559250118, 13304372.101829525, 13233721.924131475, 14209686.277708823, 14107915.673920581, 14425117.465923764, 14082444.157231364, 13738092.956426224, 13988947.696153047, 14377892.96895158, 14871387.276237605, 14337235.524513934, 14072158.726276679, 14262627.354017327, 14577899.496841798, 14390922.114143848, 13304372.370368708, 14428216.249631774, 14101938.150264904, 14607697.651592093, 13304372.729829526, 13243655.11463505, 14149579.354682269, 14033316.564388094, 14040460.102786347, 13934729.508498289, 13697698.52124947, 13748609.783659983, 14070595.251915433, 14289238.756111264, 14291063.6573613, 13748710.225797758, 13866167.24087287, 14464614.770304596, 14071702.274627632, 13304373.01230942, 14320038.506893257, 14086501.329998411, 14589361.493870784, 13304373.357829526, 13256835.678596258, 14091792.508027995, 13838943.003319914, 13844734.01266144, 13848035.09239626, 13695641.434463857, 13576824.498111986, 14059119.786490899, 13906614.72588381, 13997071.423850521, 13588232.027685858, 13782487.291718159, 14116297.049859453, 13830758.265602252, 13304373.710153164, 14256468.797014719, 13810314.159905303, 14347047.78742224, 13304373.985829527, 13258426.143156737, 14070987.436154261, 13693163.116609033, 13749167.09619703, 13676303.192298438, 13555337.194892349, 13497540.212965552, 13744451.474932954, 13693443.158969339, 13979227.094202403, 13578434.721615799, 13676188.744151494, 14069491.368082507, 13775015.385369502, 13304374.345212275, 14027276.669093156, 13698027.060663108, 13979330.900061853, 13304374.973212276, 13268075.998960847, 13808889.527965968, 13580992.55252256, 13721912.73165253, 13543217.153136028, 13534944.353818854, 13417680.08203, 13706945.496136809, 13663025.040768078, 13860381.587587537, 13560387.17815153, 13572603.894755486, 13996264.376069251, 13590123.2105092, 13304375.030931462, 13887555.019099217, 13688233.721058445, 13904955.067229958, 13304375.601212276, 13282487.20096377, 13785505.38319866, 13538185.539641595, 13552494.087320602, 13500986.67605084, 13449513.499861995, 13392185.205608396, 13684432.295587344, 13531596.75562731, 13789583.795613758, 13468508.15564669, 13569772.71377388, 13841417.853918418, 13574761.880502107, 13304375.661767932, 13815610.903213508, 13593026.987573104, 13684065.463042235, 13304376.229212277, 13289338.518866075, 13641758.217274629, 13488814.921368232, 13545507.53555057, 13430330.436503435, 13432770.264973274, 13374537.333812874, 13575676.300124636, 13508857.280233705, 13772274.066967264, 13416293.702436201, 13556241.515240896, 13673936.643207591, 13521254.566762011, 13304376.518717108, 13774594.881123135, 13513841.296232378, 13521590.668714248, 13304376.857212277, 13292351.745587349, 13512184.309830438, 13471634.315694256, 13527089.390111113, 13412151.053979455, 13396470.547108257, 13344445.019324776, 13560735.683138426, 13442270.267198771, 13620486.213421822, 13375964.293963071, 13476321.644269733, 13640236.223863577, 13438234.427174706, 13304377.225627553, 13670966.95391901, 13500640.240078958, 13486783.354848165, 13500640.868078958, 13312628.555004453, 13511405.918244338, 13483466.4872167, 13523707.724412272, 13443621.184105381, 13421667.220377278, 13357826.75724496, 13547081.588190228, 13457960.374984961, 13572773.116022056, 13394317.642340092, 13481220.420244751, 13609741.789884606, 13441911.419817626, 13363941.904682303, 13645585.698407594, 13500641.126665631, 13488451.399501529]
Minimum support: 0.5
Number of cores: 14
Number of patterns: 4
Number of invalid patterns: 103

0. Date
1. Time
2. CO(GT)
3. PT08.S1(CO)
4. NMHC(GT)
5. C6H6(GT)
6. PT08.S2(NMHC)
7. NOx(GT)
8. PT08.S3(NOx)
9. NO2(GT)
10. PT08.S4(NO2)
11. PT08.S5(O3)
12. T
13. RH
14. AH

File: data/air_quality.csv

Pattern : Support
['2+', '3+', '5+', '6+', '7+'] : 0.553
['2+', '3+', '7+', '8-'] : 0.525
['2+', '5+', '6+', '10+'] : 0.551
['2+', '5+', '6+', '11+'] : 0.638


Iteration: Best Cost
0: 3.8126218370965817e-07 
1: 3.8126218370965817e-07 
2: 3.8126218370965817e-07 
3: 3.8126218370965817e-07 
4: 3.8126218370965817e-07 
5: 1.5305467281273012e-07 
6: 1.5305467281273012e-07 
7: 1.5305467281273012e-07 
8: 8.700376099858045e-08 
9: 8.700376099858045e-08 
10: 7.630619999320875e-08 
11: 7.630619999320875e-08 
12: 7.630619999320875e-08 
13: 7.630619999320875e-08 
14: 7.630619999320875e-08 
15: 7.630619999320875e-08 
16: 7.630619999320875e-08 
17: 7.630619999320875e-08 
18: 6.621698272253244e-08 
19: 6.621698272253244e-08 
