Run-time: 399.7148439884186 seconds
Total allocated memory size: 285.5 KiB
Algorithm: PSO-GRAANK (v2.0)
Search Space: Numeric
No. of (dataset) attributes: 21
No. of (dataset) tuples: 8074
Particle population: 20
Velocity coeff.: 0.77
Personal coeff.: 0.649
Global coeff.: 0.352
Number of iterations: 20
Number of cost evaluations: 400
Candidates: [2329218275, 2702376869, 3849465965, 480327815, 1014855372, 3970644521, 4009879498, 2103623588, 4182560237, 3421911189, 693423862, 2946663679, 1378904910, 432668401, 1985779645, 2324658146, 168954733, 2401453071, 2596546898, 2616007286, 3970644521.77, 2753284236.8804975, 3882021802.686425, 1215108198.384416, 1029415217.3605138, 3970644521.8627415, 4004855845.779351, 2513773455.464287, 4109700501.597737, 3498103444.6087637, 767521234.3376193, 3117534912.8446593, 1436805239.4732585, 750066514.1651655, 2037147935.1396775, 2492704405.1177588, 189668099.1241273, 2842773533.6174407, 2724505437.3975105, 2619354938.2440076, 2619354939.0140076, 2739547335.2845926, 3817856371.294441, 1241509699.6239772, 1508146010.2946956, 3815798308.2933774, 3838680512.647445, 2544182222.137701, 4105100804.598239, 3298951256.932122, 1161041641.149196, 2971876996.187387, 1802305714.9306924, 1182721493.3169389, 2099342582.8632739, 2512002740.3827095, 518417540.540082, 2810085028.612709, 2723466963.3988934, 2619354939.06555, 2619354939.7840075, 2697810913.1052947, 3690439684.335396, 1342115923.1277509, 1671627194.6547189, 3608723838.9873934, 3652767079.691066, 2564037024.18078, 3656062496.2115774, 3257722444.6248775, 1227168021.8330321, 2866818251.1560435, 1824340155.7859244, 1644860327.3540728, 2147479631.30706, 2518996634.8893256, 898484690.7212932, 2763824767.28755, 2690721861.919246, 2619354939.9675956, 1342115923.8977509, 2415185778.9555063, 3672782833.071835, 1342115923.9816086, 1607441183.6500518, 2931350321.489538, 2944145570.640603, 2258533213.621155, 2884889074.6700745, 3218352560.4201183, 1243152407.936358, 2683079647.081043, 1687015745.778943, 1553680970.5925777, 2060839906.4780345, 2321749870.0928655, 938548266.3979026, 2682958182.995959, 2476967571.895689, 2488208620.990036, 1342115924.6677508, 2346200553.95126, 3561313252.5360336, 1342115924.8919792, 1568087021.2753985, 2667389687.465512, 2654627092.416678, 1995126498.9674718, 2478385781.4256716, 3099835898.207068, 1269124104.247464, 2544734608.56668, 1604124993.779693, 1535985481.8590002, 1870083907.7245765, 2187606888.886211, 1037172009.7598227, 2636919031.1438475, 2087101781.397368, 2466683045.6371837, 1342115925.4377508, 2075606412.169024, 3286599703.087736, 1342115925.7821627, 1521076084.4946802, 2460294585.4924946, 2216757226.4902625, 1975212554.7430282, 2457859452.6609516, 2824715794.1372766, 1280889787.7871785, 2437666373.8572474, 1596822182.0172162, 1515440653.4579089, 1710530818.3694935, 2041617697.2538328, 1123804172.8133159, 2196546859.7319894, 1894028267.5975883, 2105909523.8943577, 1342115926.2077508, 2072751212.7339177, 3023722736.645186, 1342115926.660115, 1492882568.8099213, 2268988213.581839, 2153148151.161434, 1925145023.08328, 2100391902.1629753, 2754278689.558014, 1291978578.4621787, 2069702732.5001943, 1594759367.2004812, 1463219821.574714, 1632138144.105635, 1885632887.8831425, 1150295406.7598548, 2184223409.606952, 1707099044.6403337, 2058544173.7965791, 1342115926.9777508, 1851550888.2199836, 2911502493.402261, 1342115927.5026155, 1471790771.6274276, 2140984916.3883784, 1951785455.2030544, 1907418672.9701104, 2047804614.8414304, 2534503003.6248817, 1304470606.8053153, 1862546047.1613684, 1526414013.302352, 1435821267.6075625, 1581992613.6275043, 1806746813.9191375, 1184054717.3688908, 1889403414.916481, 1704818223.0147405, 1881418138.560742, 1342115927.7477508, 1734601266.5363238, 2867108892.304623, 1342115928.279794, 1455195829.8148239, 2008763804.0616138, 1804099911.882292, 1870896539.3298676, 1854415730.055822, 2357615198.704845, 1311826684.3082373, 1739584795.746268, 1500070682.5425582, 1424954874.6459205, 1579958266.7654326, 1653197567.9383805, 1220590626.794899, 1858547811.5147295, 1588026498.8397174, 1834419348.236317, 1342115929.049794, 1628948059.6759381, 2448878993.6222787, 1342115929.2220917, 1418732027.824022, 1975393852.174846, 1733504442.9653728, 1833509328.0248108, 1766072787.7154305, 2334990003.6855545, 1321433800.1649928, 1656533728.5508788, 1454863107.2725444, 1403925928.1691499, 1569870138.5774863, 1554994548.4157403, 1262801391.1525803, 1745506309.4780352, 1538393732.3623626, 1708635627.6254218, 1628948060.445938, 1628948060.4945817, 2170809730.748947, 1404054709.6018782, 1449530310.4792054, 1910237780.0219605, 1719333707.2763753, 1801278407.5680647, 1765686252.935686, 2158812853.5771356, 1377455705.5303164, 1653672313.5803275, 1490408593.5603395, 1436986771.966997, 1574599208.5681756, 1562559264.4284906, 1376372705.0565438, 1744051703.0649612, 1560609017.58849, 1688911368.330992, 1628948061.215938, 1628948061.3013234, 1992086412.3627748, 1463931497.6704519, 1457533346.5791502, 1865920170.7076735, 1701633050.7008688, 1800763823.1356053, 1753748598.7544746, 1973827581.2867658, 1456153686.7776663, 1647652494.5067253, 1524636946.741211, 1480564366.1709526, 1575278685.820619, 1584794059.8265247, 1396814357.626156, 1727078104.717579, 1577045847.0004394, 1670637587.1945672, 1628948061.985938, 1628948062.1031477, 1929536407.918879, 1503548677.714716, 1497734643.2394001, 1784869817.3815384, 1688360097.9012055, 1742143273.9454296, 1751203792.5607078, 1885481762.3902, 1510554436.0989633, 1643674402.384313, 1528653056.89555, 1481433637.834278, 1580535013.5253735, 1590502191.0983741, 1427229964.6044114, 1721928260.4657478, 1577879410.938786, 1657202400.8774726, 1628948062.8731477, 1628948062.967849, 1861575137.671587, 1539456447.106542, 1512546962.8801918, 1742433898.4635878, 1683028866.9331403, 1709076866.1440835, 1742096464.9857612, 1813745675.604094, 1551236094.8948731, 1640387446.4289837, 1536295207.5226047, 1488606118.388112, 1595373892.1288183, 1595252476.2847433, 1477239402.235842, 1705814340.310704, 1590836426.7125397, 1654668835.3597786, 1709076866.9140835, 1643552073.4949276, 1852998002.8954806, 1552422428.7169008, 1556034718.709987, 1739079163.8424754, 1690226711.2517934, 1709076867.102216, 1730815456.1561353, 1780205040.5094922, 1602872031.2546842, 1642443127.9242697, 1561583105.5338218, 1506614019.5187554, 1617239299.7211978, 1633825905.3487504, 1479849431.7350678, 1706490922.6379945, 1598703398.9634204, 1659352604.7188957, 1709076867.6840835, 1652276044.8084092, 1821716450.2500122, 1576362176.8293712, 1607567473.2780445, 1733875229.621479, 1696323407.1615412, 1709076867.9289916, 1730125731.4459553, 1766305126.0192091, 1639124492.9985464, 1654537551.1258092, 1588014751.4199104, 1515785314.0147033, 1628809050.8979256, 1641805127.904137, 1526297979.9743962, 1707255992.8354611, 1621772775.9897969, 1670753363.2886953, 1709076868.4540834, 1655310256.3526251, 1820847701.3255818, 1615379742.525964, 1639549728.4934793, 1729689124.8441274, 1698526016.9197454, 1709076868.731479, 1728038295.6340272, 1761166965.903891, 1659417742.6820893, 1672897387.9798796, 1588826633.153655, 1537884190.4691336, 1649448003.2525797, 1649643249.810079, 1532607793.9828122, 1707312346.4903743, 1641654514.3011124, 1671466024.3020034, 1709076869.2240834, 1665951072.7544348, 1794874285.9911716, 1647074364.148482, 1649639928.4933825, 1728684051.637257, 1701487290.1953526, 1709076869.5386133, 1724562626.7709496, 1755572402.842558, 1664853452.4898043, 1675483574.8155015, 1611444846.7851665, 1566405776.2473967, 1668197704.8434079, 1662019499.9832792, 1567638260.2889845, 1707869539.6813517, 1665077088.8663847, 1674373538.8843756, 1709076869.9940834, 1668361059.940173, 1785773331.3192897, 1665787868.3725746, 1650420344.4382584, 1724854704.7467122, 1703017928.5466244, 1709076870.4452505, 1722257418.471415, 1755167293.2437243, 1665538659.6717927, 1678801221.912034, 1642614953.9830997, 1580567739.0019736, 1668853150.8217769, 1670535766.0527115, 1607000045.8995695, 1708232562.7820375, 1673192270.631805, 1681962259.105521]
Minimum support: 0.5
Number of cores: 14
Number of patterns: 3
Number of invalid patterns: 180

0. date_time
1. id_site
2. Tpic
3. Dir
4. Etal
5. Tz
6. Hm0
7. Ts1
8. Ts2
9. Tc
10. Tav
11. Tint
12. Tp
13. EPS2
14. EPS4
15. Qp
16. S2
17. Tref
18. Tw
19. Batt
20. timestamp

File: data/directio8k.csv

Pattern : Support
['2+', '4+'] : 0.519
['2+', '3-', '7+', '11+'] : 0.519
['2+', '3-', '5+', '7+', '8+', '14+'] : 0.515


Iteration: Best Cost
0: 1.2319822594554639e-05 
1: 2.5230225810521005e-06 
2: 2.5230225810521005e-06 
3: 1.2017410824802976e-06 
4: 1.2017410824802976e-06 
5: 8.503878619038143e-07 
6: 8.503878619038143e-07 
7: 8.503878619038143e-07 
8: 8.503878619038143e-07 
9: 3.9412454887518824e-07 
10: 3.9412454887518824e-07 
11: 3.9412454887518824e-07 
12: 3.9412454887518824e-07 
13: 3.9412454887518824e-07 
14: 3.2723883722878447e-07 
15: 3.2723883722878447e-07 
16: 3.2723883722878447e-07 
17: 3.2723883722878447e-07 
18: 3.2723883722878447e-07 
19: 2.1314181262617996e-07 
