Run-time: 0.3525247573852539 seconds
Total allocated memory size: 260.1 KiB
Algorithm: GA-GRAANK (v2.0)
Search Space: Numeric
No. of (dataset) attributes: 10
No. of (dataset) tuples: 116
Population size: 8
PC: 0.776
Gamma: 0.746
Mu: 0.842
Sigma: 0.681
Number of iterations: 20
Number of cost evaluations: 240
Candidates: [91033, 153112, 10333, 262143, 71194, 133258, 11944, 262143, 223964, 179284, 239644, 262143, 190336, 254656, 262143, 262143, 262143, 262143, 262143, 262143, 254806, 246980, 262143, 262143, 97297, 175178, 72977, 262143, 262143, 262143, 262143, 221443, 262143, 262143, 262143, 262143, 239749, 34337, 262143, 33377, 102241, 147735, 22211, 262143, 240213, 33873, 262143, 38733, 262143, 262143, 262143, 221443, 262143, 262143, 262143, 261443, 115719, 196901, 157199, 262143, 211894, 100726, 118944, 266, 181814, 112605, 262143, 112055, 30171, 203215, 1711, 32155, 147761, 146658, 262143, 262143, 178278, 53497, 262143, 34977, 6071, 6138, 711, 1388, 21846, 20641, 18446, 20411, 17711, 233876, 77111, 262143, 35583, 72370, 55833, 23300, 217721, 33866, 177211, 38666, 182917, 91703, 262143, 17033, 13664, 16725, 36644, 66255, 154111, 85798, 262143, 57988, 16728, 30192, 67288, 922, 35475, 36145, 54755, 61455, 20731, 15167, 7311, 51167, 54116, 4793, 41166, 7933, 167522, 90567, 262143, 5567, 3290, 8919, 2900, 9199, 36067, 35553, 30677, 35533, 26518, 32391, 65188, 23991, 9932, 4911, 9322, 9111, 52048, 48116, 20488, 48166, 54546, 45618, 45466, 56688, 25048, 33205, 50088, 32255, 7110, 11601, 1100, 16001, 31354, 17233, 13344, 12333, 14024, 16365, 40244, 63355, 14548, 15841, 15488, 58411, 40204, 28329, 2044, 83229, 1069, 11140, 699, 11440, 15279, 13552, 52799, 35522, 2105, 10493, 1005, 933, 6557, 7485, 5577, 4455, 14150, 14681, 41500, 46881, 9810, 5943, 8100, 9433, 4743, 7855, 7433, 7555, 675, 289, 0, 899, 397, 1912, 977, 9122, 723, 441, 233, 411, 819, 345, 119, 455, 685, 479, 885, 799, 4820, 6885, 8200, 8885, 1229, 1080, 1299, 800, 400, 1762, 0, 7722]
Minimum support: 0.5
Number of cores: 14
Number of patterns: 2
Number of invalid patterns: 19

0. Age
1. BMI
2. Glucose
3. Insulin
4. HOMA
5. Leptin
6. Adiponectin
7. Resistin
8. MCP.1
9. Classification

File: data/breast_cancer.csv

Pattern : Support
['0+', '2+'] : 0.544
['0+', '4+'] : 0.507


Iteration: Best Cost
0: 0.0008598452278589854 
1: 0.0008064516129032258 
2: 0.0008064516129032258 
3: 0.0008064516129032258 
4: 0.0008064516129032258 
5: 0.0005420054200542005 
6: 0.0005420054200542005 
7: 0.0005420054200542005 
8: 0.0005420054200542005 
9: 0.0004610419548178884 
10: 0.0004610419548178884 
11: 0.0004610419548178884 
12: 0.0004610419548178884 
13: 0.0004610419548178884 
14: 0.0004610419548178884 
15: 0.0004610419548178884 
16: 0.0004610419548178884 
17: 0.0004610419548178884 
18: 0.0003920031360250882 
19: 0.0002756339581036384 
