Run-time: 4.126436233520508 seconds
Total allocated memory size: 276.6 KiB
Algorithm: GA-GRAANK (v2.0)
Search Space: Numeric
No. of (dataset) attributes: 11
No. of (dataset) tuples: 1999
Population size: 8
PC: 0.776
Gamma: 0.746
Mu: 0.842
Sigma: 0.681
Number of iterations: 20
Number of cost evaluations: 240
Candidates: [45828, 23520, 55288, 33200, 42032, 23357, 20322, 33577, 17379, 36720, 65535, 65535, 59316, 61506, 65535, 15066, 45211, 53900, 45111, 39000, 33096, 32504, 30966, 22044, 41538, 57196, 15388, 65535, 65535, 65535, 55355, 55355, 27262, 26636, 65535, 65535, 52649, 46462, 56499, 64622, 32147, 48775, 31477, 65535, 49318, 49793, 65535, 65535, 49899, 49212, 65535, 65535, 28277, 23010, 65535, 30000, 36295, 62439, 62955, 24499, 65535, 65535, 55555, 55535, 60662, 25194, 65535, 55944, 50139, 37439, 1399, 65535, 31998, 32544, 19988, 25444, 40633, 48887, 6333, 65535, 31664, 32501, 16644, 25511, 29134, 46797, 65535, 65535, 7865, 15577, 8655, 55777, 4495, 30480, 4955, 34800, 54397, 34746, 43977, 37466, 28716, 21127, 65535, 11127, 55854, 55644, 58554, 56444, 49980, 49940, 65535, 65535, 22164, 33456, 21644, 33566, 19760, 1626, 65535, 1266, 37115, 52016, 65535, 50166, 29257, 26363, 65535, 23633, 10262, 24713, 2622, 47133, 30281, 35739, 2811, 37399, 30313, 33651, 33133, 36511, 44573, 30969, 45733, 9699, 22513, 24085, 25133, 20055, 14500, 4954, 45000, 4944, 10082, 26305, 822, 63055, 21829, 25981, 11299, 59881, 4676, 13366, 6676, 33666, 25234, 30386, 55334, 3866, 2888, 11032, 8888, 10022, 2545, 1664, 5555, 6644, 7527, 4593, 7277, 5933, 17790, 22430, 65535, 24400, 6142, 3567, 1422, 5677, 14215, 3250, 44115, 2500, 4558, 7140, 4558, 1440, 4776, 3266, 7766, 2666, 10797, 7245, 10977, 7455, 11602, 21685, 11622, 16885, 22432, 10855, 22322, 8555, 3480, 5684, 4800, 6844, 7218, 7191, 2288, 1911, 5379, 4907, 3779, 4077, 12369, 14841, 23699, 18441, 3348, 5917, 3488, 9177, 7216, 2837, 2166, 8877, 7126, 8405, 7266, 8005]
Minimum support: 0.5
Number of cores: 14
Number of patterns: 4
Number of invalid patterns: 10

0. date_time
1. id_site
2. Rx
3. Hmax
4. Thmax
5. H1/3
6. Th1/3
7. Hmoy
8. Tmoy
9. Cambrure
10. Nb_Vagues

File: data/Omnidir_site2k.csv

Pattern : Support
['3+', '4+', '5+'] : 0.531
['3+', '6+', '7+', '10-'] : 0.545
['3+', '6+', '7+', '8+'] : 0.546
['3+', '5+', '6+', '8+'] : 0.549


Iteration: Best Cost
0: 1.1133191941795673e-06 
1: 1.1133191941795673e-06 
2: 1.1133191941795673e-06 
3: 9.182449767408548e-07 
4: 9.182449767408548e-07 
5: 9.182449767408548e-07 
6: 9.182449767408548e-07 
7: 9.182449767408548e-07 
8: 9.182449767408548e-07 
9: 9.165247580832901e-07 
10: 9.116734312835268e-07 
11: 9.116734312835268e-07 
12: 9.116734312835268e-07 
13: 9.116734312835268e-07 
14: 9.116734312835268e-07 
15: 9.116734312835268e-07 
16: 8.331750300776186e-07 
17: 8.331750300776186e-07 
18: 8.331750300776186e-07 
19: 8.331750300776186e-07 
