Run-time: 0.7643740177154541 seconds
Total allocated memory size: 261.3 KiB
Algorithm: GA-GRAANK (v2.0)
Search Space: Numeric
No. of (dataset) attributes: 11
No. of (dataset) tuples: 589
Population size: 8
PC: 0.776
Gamma: 0.746
Mu: 0.842
Sigma: 0.681
Number of iterations: 20
Number of cost evaluations: 240
Candidates: [2429009, 2420983, 2220099, 4194303, 2906041, 2882649, 4194303, 4194303, 3262828, 3287989, 2628288, 2879899, 4085577, 2988624, 4194303, 4194303, 3247328, 3132857, 2473288, 1328577, 3928458, 4017742, 3288588, 177422, 2569256, 2953623, 4194303, 4194303, 3979125, 3503765, 3991255, 4194303, 4194303, 4194303, 1943033, 1943033, 3615790, 3867100, 4194303, 4194303, 2153760, 1394915, 1537600, 3349955, 3867796, 3615094, 4194303, 4194303, 2485628, 2362758, 4194303, 2627588, 1354528, 1511648, 3545288, 1111488, 2962587, 3451814, 2625887, 4194303, 2454457, 2162707, 4194303, 1627077, 2494094, 2353592, 4194303, 3555922, 1756592, 2001106, 4194303, 1066, 2628234, 2627641, 4194303, 2276411, 2719344, 3197531, 4194303, 1175511, 2097256, 2302819, 72566, 3328119, 2627991, 2627884, 4194303, 4194303, 2179679, 1109974, 1779799, 1009744, 2390668, 2513330, 3996688, 4194303, 1062353, 2227300, 23533, 2273000, 2327294, 2577404, 3277944, 4194303, 1264414, 2733339, 1644414, 4194303, 1796229, 2017781, 1992229, 117781, 1324986, 213679, 3249986, 216799, 1474648, 1391528, 1746488, 1915288, 1726455, 1563198, 4194303, 4194303, 1353162, 1619828, 3531122, 4194303, 1566624, 1615389, 4194303, 1155899, 1988254, 640399, 4194303, 403999, 2199209, 2072792, 1992099, 727922, 1773665, 1831322, 4194303, 4194303, 2273749, 2275661, 2777499, 2776611, 1438020, 1851633, 4194303, 1511333, 1918191, 2353810, 4194303, 2353800, 2464844, 2439154, 4194303, 4194303, 589305, 949360, 593055, 443600, 1578958, 1603055, 4194303, 4194303, 1672275, 2325938, 4194303, 3259988, 1053613, 1301252, 36133, 3012252, 2286228, 1985773, 2862288, 4194303, 3068975, 1548189, 89755, 4194303, 1765987, 1839000, 4194303, 1339000, 2487942, 2416056, 2879422, 4166556, 1321640, 1033225, 3211400, 333255, 2037488, 1918676, 2374888, 4194303, 2767373, 2797625, 4194303, 4194303, 1459698, 895167, 4194303, 991677, 2142679, 1479163, 1422799, 4194303, 1836832, 1845544, 4194303, 1845444, 8951, 325369, 9911, 353369, 2684487, 2957900, 2844877, 4194303, 1437055, 1429121, 1337555, 4194303, 81204, 1457461, 12044, 4194303, 742225, 939720, 422255, 397200, 2596570, 968198, 2965700, 688998]
Minimum support: 0.5
Number of cores: 14
Number of patterns: 3
Number of invalid patterns: 0

0. Age
1. ALB
2. ALP
3. ALT
4. AST
5. BIL
6. CHE
7. CHOL
8. CREA
9. GGT
10. PROT

File: data/hcv_data.csv

Pattern : Support
['0+', '1-'] : 0.532
['0+', '2+'] : 0.546
['0+', '3-'] : 0.504


Iteration: Best Cost
0: 0.0001760253476500616 
1: 8.598452278589854e-05 
2: 8.598452278589854e-05 
3: 8.598452278589854e-05 
4: 8.598452278589854e-05 
5: 3.436189952580579e-05 
6: 3.436189952580579e-05 
7: 3.436189952580579e-05 
8: 3.436189952580579e-05 
9: 3.436189952580579e-05 
10: 3.436189952580579e-05 
11: 3.436189952580579e-05 
12: 3.436189952580579e-05 
13: 3.436189952580579e-05 
14: 3.436189952580579e-05 
15: 3.436189952580579e-05 
16: 3.436189952580579e-05 
17: 3.436189952580579e-05 
18: 3.436189952580579e-05 
19: 3.436189952580579e-05 
