Run-time: 1.6327548027038574 seconds
Total allocated memory size: 288.2 KiB
Algorithm: PSO-GRAANK (v2.0)
Search Space: Numeric
No. of (dataset) attributes: 21
No. of (dataset) tuples: 522
Particle population: 19
Velocity coeff.: 0.9
Personal coeff.: 0.14
Global coeff.: 0.431
Number of iterations: 20
Number of cost evaluations: 380
Candidates: [1047666233231, 680362416947, 1083475971591, 570936762113, 1046937045774, 415926990153, 766953803190, 1038846022683, 768548731060, 111035551255, 727450363334, 831502316251, 681299202846, 824358706139, 600810158110, 273898782186, 215939107239, 319205296431, 442048049466, 1046937045774.9, 764627832326.7603, 1079675443741.8853, 729545560089.5426, 1046937045775.1798, 619319637590.9688, 857383001672.2358, 1041003006480.9421, 787700643321.7837, 481060156873.3248, 771771757671.1342, 909284343447.0771, 768195352576.9319, 829297466024.4048, 701096666768.869, 297247899852.0026, 481990399787.8086, 442414596337.2717, 466639982373.54443, 442414596338.17175, 688470585573.3843, 1003523220403.9363, 679712071060.0345, 953756917813.9093, 611287563887.0026, 760763241636.871, 944419269512.9176, 707884828504.9888, 476072581727.87506, 684547753065.8676, 744361138575.5662, 738731129633.7963, 704292783451.1467, 700217093726.4413, 333160294090.5298, 475998348295.28033, 442414596338.5525, 463105440454.8207, 700217093727.3413, 692005652125.0593, 913835410064.643, 687214417521.9813, 860543733695.7257, 625433353392.3436, 753518073225.8827, 911785838776.212, 706812625088.0929, 565689094483.6626, 685701862359.0563, 741810960852.8336, 724598660414.5928, 704243136378.0044, 700217093727.5171, 369402856368.9936, 495061600025.67395, 548772661688.00183, 551153785668.708, 700217093728.2413, 693282852355.6533, 897301610908.6748, 689189483908.3601, 810382455471.4592, 652470847709.6742, 734691505446.3778, 874524949399.182, 705335085738.2379, 599042837202.8824, 689159531174.5404, 725298229469.8523, 720067874743.8179, 703928584848.6127, 700217093728.6266, 447398251399.67566, 533630644339.47314, 586574182006.7397, 602417274312.36, 810382455472.3593, 712015049720.6179, 894600802604.7002, 720165784373.2234, 810382455472.4747, 655980388458.6107, 746549585363.8425, 860291765636.7723, 717897314281.0963, 617623113447.3481, 718824604664.7959, 725944095560.8007, 732646847851.5775, 725471900664.1659, 713373897238.7845, 564249604447.0242, 614268311902.1918, 629056909007.6746, 680261500733.56, 810382455473.2593, 744882057813.5741, 866691836526.6757, 736024960628.7979, 810382455473.4966, 682622316284.8765, 765257846149.5676, 841805342006.452, 747466912591.5205, 626638993385.349, 741729747443.8657, 737303237639.2644, 757185090278.3473, 747789657755.9625, 731712633681.428, 636841757677.3073, 626031239910.5995, 632742910376.9098, 716050217161.4532, 810382455474.1593, 768721259511.1868, 854252065838.8551, 736996194988.7869, 810382455474.4629, 736082999495.79, 781381051083.8939, 840789972547.2867, 763154820160.2279, 694566296318.8569, 759077361924.9274, 741705744621.8066, 779837986862.2349, 769571896253.155, 732151140067.2968, 638940576107.9131, 653419773149.2217, 705890522874.5618, 752640618906.2789, 810382455475.0593, 778572870647.6937, 846552675842.1951, 758512884541.545, 810382455475.4077, 761677490805.9589, 787612859041.7123, 839948145865.4999, 771381903861.0768, 711913394305.7874, 771755777156.9177, 755137309005.3856, 788433148617.703, 771209967968.4265, 749246263822.9742, 681284736552.6161, 688589606838.3995, 728327413662.7931, 775097751096.0415, 810382455475.9594, 779965334445.9028, 832059394211.4973, 765864526842.0098, 810382455476.5348, 778959018429.6917, 791011024978.0892, 831127497569.0664, 771630558348.2888, 724188810268.1656, 784104762781.4904, 762349980549.2273, 794705861678.2622, 788057268233.9513, 758717470477.973, 706008908214.7917, 707690206602.3175, 740006526324.7023, 778831191251.3474, 771630558349.1888, 778764252521.9548, 831985011948.966, 767011880404.7543, 794978054083.6459, 776593913992.8391, 790887993780.6566, 827619969901.5498, 771630558349.48, 734256038680.1254, 778889937989.5616, 765171881601.2461, 788429855732.0659, 785790433503.9473, 763912074901.8833, 721934065834.143, 734250034015.9592, 749599698215.6351, 777080103422.9232, 771630558350.0889, 776318967113.081, 811770920946.6818, 768757466225.2169, 786291843724.8438, 775153163541.2712, 787620943638.2645, 808889505934.1097, 771630558350.6383, 738903990662.6836, 778177440227.6047, 766818137370.5579, 784944124337.7523, 785027355939.4209, 765705902228.9321, 742184800449.564, 748700540556.1305, 750352328605.0272, 774974668061.0227, 771630558350.9889, 776010572714.2678, 805412446105.4781, 769492810168.0919, 781334445876.6644, 774767184341.6329, 782321698079.526, 808008282918.4011, 771630558351.5564, 752372801108.8854, 778061328244.4342, 768347400983.1328, 781363089498.8467, 780324707258.9188, 767111607666.7916, 748723298435.4253, 752990148192.1833, 751147878815.1177, 774842714648.8789, 771630558351.8889, 774247128120.5863, 802698407433.0485, 770292824466.5836, 780330599856.1345, 774725680133.4404, 781769859315.5073, 805381446625.2192, 771630558352.5383, 752859023834.8845, 776990518880.2032, 768936063943.6465, 778001359154.662, 778931146455.3839, 767574951290.2844, 753982184822.2115, 759647526446.656, 753612151162.8794, 774286247100.9847, 771630558352.789, 773374615769.9957, 802631749688.0715, 770696469091.4744, 779856555644.7825, 774118072883.528, 780479497913.0768, 791692328588.5037, 771630558353.4387, 755128935239.0831, 774914786614.6216, 769761381649.1333, 776200264074.5187, 776000379187.4924, 768578295702.8298, 758262821599.6729, 761356635270.3582, 756261214135.7716, 773726974295.8085, 771630558353.689, 772976085976.9979, 796132559115.1176, 770766736314.4062, 778464270755.7538, 773931305022.9039, 777049137337.2181, 790432394069.1544, 771630558354.3481, 760825595257.5177, 774172770937.3448, 770455352802.5626, 774715858962.5759, 775201690592.3276, 768992534230.3436, 762696981685.6506, 763973534099.5339, 758299191763.2057, 773130386052.185, 771630558355.2482, 772960365414.057, 795773620908.1152, 770860743047.6013, 775823271947.6843, 773877900516.9619, 776839432494.6003, 786719439161.1726, 771630558355.4769, 763442431611.813, 773173402190.6929, 770862413689.6755, 774620840296.0226, 773968894074.4944, 769052075376.4059, 764165022438.9907, 764504107967.5116, 761866019853.6329, 773011921760.097, 771630558356.1482, 772581262552.3184, 789403184524.1573, 771143592042.856, 774653122712.113, 773216893363.2935, 775770053711.1346, 784616311750.1062, 771630558356.6516, 764484132400.5048, 772954832111.7482, 771134623509.2156, 774582267577.225, 772979950394.9297, 769554832329.459, 766446698880.392, 765248577417.3085, 765072098953.915, 772879575692.8568, 772954832112.6482, 772644215993.6064, 789018639111.7834, 771866141599.2495, 774610775868.8413, 773169271481.0369, 775382195477.9028, 779903922482.375, 772175496737.4763, 766702131899.629, 772954832112.6912, 771556252669.6781, 773888801461.6245, 772976551041.1763, 769945882826.2058, 767279689442.6766, 766887074923.3866, 768467923891.8904, 772908877267.9539, 772954832113.5482, 772743726269.3024, 783779398447.4774, 772289031635.4055, 773949188087.938, 773159345666.355, 774511061247.2754, 777142907074.632, 772468170843.7537, 766973164293.4701, 772954832113.7367, 771765066132.8844, 773865477541.7162, 772974788943.9615, 771118859116.779, 767576487583.0217, 769408470799.9568, 770002681236.3495, 772915597276.6217]
Minimum support: 0.5
Number of cores: 14
Number of patterns: 4
Number of invalid patterns: 128

0. Date
1. BUDAPEST
2. BARANYA
3. BACS
4. BEKES
5. BORSOD
6. CSONGRAD
7. FEJER
8. GYOR
9. HAJDU
10. HEVES
11. JASZ
12. KOMAROM
13. NOGRAD
14. PEST
15. SOMOGY
16. SZABOLCS
17. TOLNA
18. VAS
19. VESZPREM
20. ZALA

File: data/hungary_chickenpox.csv

Pattern : Support
['1+', '2+', '4+', '5+'] : 0.54
['1+', '3+', '4+', '8+'] : 0.534
['1+', '2+', '3+', '5+', '8+'] : 0.515
['1+', '2+', '4+', '5+', '14+'] : 0.51


Iteration: Best Cost
0: 0.0010672358591248667 
1: 0.0005060728744939271 
2: 0.0005060728744939271 
3: 0.0005060728744939271 
4: 3.312464805061446e-05 
5: 3.0074283480196084e-05 
6: 3.0074283480196084e-05 
7: 3.0074283480196084e-05 
8: 3.0074283480196084e-05 
9: 2.737476047084588e-05 
10: 2.737476047084588e-05 
11: 2.737476047084588e-05 
12: 2.737476047084588e-05 
13: 2.737476047084588e-05 
14: 2.737476047084588e-05 
15: 2.737476047084588e-05 
16: 2.737476047084588e-05 
17: 2.737476047084588e-05 
18: 2.737476047084588e-05 
19: 2.737476047084588e-05 
