Run-time: 1.0977506637573242 seconds
Total allocated memory size: 260.1 KiB
Algorithm: GA-GRAANK (v1.0)
Search Space: Bitmap
No. of (dataset) attributes: 11
No. of (dataset) tuples: 589
Population size: 8
PC: 0.776
Gamma: 0.746
Mu: 0.842
Sigma: 0.681
Number of iterations: 20
Number of cost evaluations: 240
Candidates: [1485246.0, 2709117.0, 1485210.0, 2709081.0, 349786.0, 629157.0, 1398362.0, 2726309.0, 2534010.0, 1660342.0, 2533994.0, 1660310.0, 2726309.0, 2725542.0, 2726309.0, 2725542.0, 2533994.0, 1398362.0, 2533994.0, 1398362.0, 2451801.0, 2726309.0, 2451801.0, 2726309.0, 1660310.0, 1485210.0, 1660310.0, 1485210.0, 1485210.0, 2533994.0, 1485210.0, 2533994.0, 1398362.0, 1398362.0, 1398362.0, 1398362.0, 1660310.0, 1660310.0, 1660310.0, 1660310.0, 2533994.0, 1660310.0, 2533994.0, 1660310.0, 1660310.0, 1660310.0, 1660310.0, 1660310.0, 1660310.0, 1660310.0, 1660310.0, 1660310.0, 1660310.0, 1660310.0, 1660310.0, 1660310.0, 1660310.0, 1660310.0, 1660310.0, 1660310.0, 1660310.0, 1660310.0, 1660310.0, 1660310.0, 1660310.0, 1660310.0, 1660310.0, 1660310.0, 2451801.0, 1660310.0, 2451801.0, 1660310.0, 1660310.0, 1660310.0, 1660310.0, 1660310.0, 1660310.0, 2451801.0, 1660310.0, 2451801.0, 1660310.0, 2451801.0, 1660310.0, 2451801.0, 2451801.0, 1660310.0, 2451801.0, 1660310.0, 1660310.0, 2451801.0, 1660310.0, 2451801.0, 1660310.0, 1660310.0, 1660310.0, 1660310.0, 1660310.0, 1660310.0, 1660310.0, 1660310.0, 2451801.0, 2451801.0, 2451801.0, 2451801.0, 1660310.0, 2451801.0, 1660310.0, 2451801.0, 2451801.0, 2451801.0, 2451801.0, 2451801.0, 2451801.0, 2451801.0, 2451801.0, 2451801.0, 2451801.0, 2451801.0, 2451801.0, 2451801.0, 2451801.0, 2451801.0, 2451801.0, 2451801.0, 2451801.0, 2451801.0, 2451801.0, 2451801.0, 2451801.0, 2451801.0, 2451801.0, 2451801.0, 2451801.0, 2451801.0, 2451801.0, 2451801.0, 2451801.0, 2451801.0, 2451801.0, 2451801.0, 2451801.0, 2451801.0, 2451801.0, 2451801.0, 2451801.0, 2451801.0, 2451801.0, 2451801.0, 2451801.0, 2451801.0, 2451801.0, 2451801.0, 2451801.0, 2451801.0, 2451801.0, 2451801.0, 2451801.0, 2451801.0, 2451801.0, 2451801.0, 2451801.0, 2451801.0, 2451801.0, 2451801.0, 2451801.0, 2451801.0, 2451801.0, 2451801.0, 2451801.0, 2451801.0, 2451801.0, 2451801.0, 2451801.0, 2451801.0, 2451801.0, 2451801.0, 2451801.0, 2451801.0, 2451801.0, 2451801.0, 2451801.0, 2451801.0, 2451801.0, 2451801.0, 2451801.0, 2451801.0, 2451801.0, 2451801.0, 2451801.0, 2451801.0, 2451801.0, 2451801.0, 2451801.0, 2451801.0, 2451801.0, 2451801.0, 2451801.0, 2451801.0, 2451801.0, 2451801.0, 2451801.0, 2451801.0, 2451801.0, 2451801.0, 2451801.0, 2451801.0, 2451801.0, 2451801.0, 2451801.0, 2451801.0, 2451801.0, 2451801.0, 2451801.0, 2451801.0, 2451801.0, 2451801.0, 2451801.0, 2451801.0, 2451801.0, 2451801.0, 2451801.0, 2451801.0, 2451801.0, 2451801.0, 2451801.0, 2451801.0, 2451801.0, 2451801.0, 2451801.0, 2451801.0, 2451801.0, 2451801.0, 2451801.0, 2451801.0, 2451801.0, 2451801.0, 2451801.0, 2451801.0, 2451801.0, 2451801.0]
Minimum support: 0.5
Number of cores: 14
Number of patterns: 1
Number of invalid patterns: 0

0. Age
1. ALB
2. ALP
3. ALT
4. AST
5. BIL
6. CHE
7. CHOL
8. CREA
9. GGT
10. PROT

File: data/hcv_data.csv

Pattern : Support
['0+', '7+'] : 0.547


Iteration: Best Cost
0: 0.000362844702467344 
1: 0.000362844702467344 
2: 0.000362844702467344 
3: 0.000362844702467344 
4: 0.000362844702467344 
5: 0.000362844702467344 
6: 0.000362844702467344 
7: 0.000362844702467344 
8: 0.000362844702467344 
9: 0.000362844702467344 
10: 0.000362844702467344 
11: 0.000362844702467344 
12: 0.000362844702467344 
13: 0.000362844702467344 
14: 0.000362844702467344 
15: 0.000362844702467344 
16: 0.000362844702467344 
17: 0.000362844702467344 
18: 0.000362844702467344 
19: 0.000362844702467344 
