Run-time: 0.49740028381347656 seconds
Total allocated memory size: 262.8 KiB
Algorithm: PSO-GRAANK (v2.0)
Search Space: Numeric
No. of (dataset) attributes: 10
No. of (dataset) tuples: 116
Particle population: 19
Velocity coeff.: 0.628
Personal coeff.: 0.14
Global coeff.: 0.431
Number of iterations: 20
Number of cost evaluations: 380
Candidates: [7738, 109047, 168077, 102494, 195701, 43307, 168158, 247668, 61262, 178718, 51190, 104732, 15026, 72777, 144933, 128864, 1002, 132454, 188890, 1002.628, 63248.974147287954, 111219.72751913457, 81905.89212266309, 176234.86250456542, 39161.64550329813, 112344.31293803887, 204931.90971349488, 55895.79204949498, 107345.1843679216, 43347.10585754455, 65700.28319428103, 10376.403743971608, 65590.78140094831, 121315.76924374909, 97034.91554100972, 1002.7368294763834, 97192.7639721663, 169944.60172315853, 10377.03174397161, 60878.00629082086, 88915.79724722549, 69518.63182284197, 151054.97868078694, 30180.034501006354, 68787.89981379315, 200256.6762472409, 44566.56401709873, 66565.99802195077, 36067.87478976001, 54891.97488780152, 10377.252746514194, 52010.69921772553, 115861.39295018226, 66317.56767568587, 3422.4875393228667, 73146.67156549248, 132891.76709012172, 66566.62602195077, 60996.718167971005, 87798.57980469904, 69330.52582656301, 142426.48159881862, 34802.28089371065, 68459.49645637273, 168992.14196400336, 47148.363980813396, 66566.75916451208, 44402.354219680165, 58973.17425308261, 12469.206049279843, 56378.692890595376, 112125.29800566958, 66369.05943939215, 28677.020127516786, 72285.57683209123, 117550.71018663728, 66567.25402195076, 62281.12244556586, 86565.37885313103, 69051.52486260001, 112905.49597285007, 46807.15045220543, 67695.29175726345, 139952.2437800836, 47480.748129538704, 66567.59244474156, 49353.971345534155, 59701.44613978504, 33822.98685845931, 59918.34272749689, 100272.91458254629, 66392.47988123627, 32371.134065933762, 71226.89677638048, 104254.09483782465, 66567.88202195076, 62964.49409210261, 78043.65030457884, 68177.55348649024, 108254.76925327463, 48619.37825605151, 67338.16564758332, 115750.43841634913, 50171.12487994769, 66568.31985929166, 52737.75984421122, 61123.663092818664, 43120.5821229078, 61689.70979466189, 88153.75785239761, 66461.48778541906, 38798.02655911914, 70431.31706535202, 99973.17889120345, 66568.94785929166, 64355.06513739907, 77480.86349537963, 67659.3034872244, 94657.61293160604, 50007.76304927568, 67121.6731240301, 108626.48995965341, 53334.57269269011, 66569.16569110267, 58528.31930284715, 63390.23373295032, 49102.536484426055, 63077.71715590578, 85277.87908919448, 66479.41129677773, 39378.104203576615, 69358.59242134615, 98180.18381786591, 66569.57585929165, 64479.46409949706, 73340.99337935456, 67403.96888186206, 92552.56677825178, 52959.647928902494, 66956.93827167002, 97107.28459054447, 57944.47372301051, 66569.86140958375, 61868.24986777327, 63520.51958106238, 51202.70620076304, 63790.15286170334, 78668.39613776213, 66497.85340127871, 51026.781814933565, 68435.99142190417, 96435.84841071721, 51203.334200763034, 59299.74905961212, 67074.25897635613, 64992.37394343826, 84767.32619173206, 52850.84754542111, 64859.80267012155, 96079.21199108627, 55588.39997750632, 60266.672797657506, 60375.57580173392, 62607.60992248659, 51203.43275173157, 60956.81361061914, 69046.27215914612, 65532.71677795469, 51031.42481361302, 66848.8175863452, 86111.97109841109, 51203.96220076303, 58322.85284125109, 64011.446226317465, 61505.656184428226, 71225.71528973758, 52280.51657056386, 61132.707880598, 90538.17500515329, 54145.577858769844, 58411.33143220406, 60329.917009357836, 57981.60271242619, 51204.21885849551, 57374.54666759711, 61358.68347578933, 63429.15093022894, 51054.297961772296, 60393.137282133604, 84823.88789003696, 51204.846858495504, 56262.46945464691, 59077.55772999618, 59957.449189886465, 66502.67874105865, 52168.25030192168, 60655.979945862084, 83723.04889851586, 52890.59128756062, 57242.226995758436, 57105.47388141613, 57253.87012922358, 51205.00741741562, 56383.07532022776, 57463.968609524, 62552.37783852477, 51104.20080661131, 57003.1153031587, 76703.00543470368, 51205.4748584955, 55716.99381774358, 57029.50520381248, 57971.52453020066, 66031.016721166, 52049.801146662496, 57216.66288023142, 70482.80566882636, 52852.12777507067, 54684.709325066666, 54983.223022489765, 57090.47870733703, 51205.7612916444, 54493.31877044178, 56337.606370669, 60528.48939925459, 51123.492874307405, 55500.775776826886, 67905.86681875087, 57217.29088023142, 56307.26899145353, 57037.01754350121, 57693.260820847805, 63942.944601070034, 52700.11060517633, 57217.31745247893, 66263.03301177856, 53734.79813965869, 55286.681087741264, 55358.38502645354, 57098.10644493197, 52573.40981590167, 54755.673712053234, 56522.713711537166, 60256.51010232725, 52354.69026947848, 55527.319043853, 67669.38309700986, 52355.31826947848, 55901.94170678936, 56793.61196301883, 56531.19652638634, 59711.03861531886, 52622.62977426918, 56273.78752626323, 63865.69901222838, 53240.71740084178, 54323.99015110908, 54945.35926079168, 57066.12827068493, 52547.35449823482, 53891.15004508573, 54776.19621487653, 59739.246300148996, 52355.33596423791, 54951.03437657864, 65066.73886782562, 52355.946269478474, 55019.505802104155, 55656.955834198394, 55011.39873778382, 58959.89952743581, 52612.072570524164, 55829.63867813658, 60843.071675022584, 52909.24174916081, 53836.02934506435, 54860.59544284361, 56320.261312504874, 52487.47910071104, 53814.12848712568, 53760.64839701119, 56698.634614958035, 52356.10090236629, 54594.38391391898, 62379.977934451264, 56320.88931250487, 55444.571469728624, 55898.36480484832, 55479.48638905015, 58386.18670961513, 53812.129435996176, 55938.0140463621, 60841.36247261884, 53898.474775195784, 54114.15644488842, 54961.83049478109, 56321.112761232216, 53798.474155914046, 54803.86610110071, 54039.64098227336, 56613.06456793005, 52680.118630803845, 55277.797605786436, 59898.34898127435, 56321.51731250487, 55484.65449745489, 56003.03518291412, 55494.48808829818, 57805.18483772723, 54050.878285581806, 55970.19116126054, 60400.1836582324, 54576.637564353274, 54879.771811138635, 55274.02065273771, 56321.810471901386, 54875.357321414696, 55379.914024594254, 54293.493977916514, 56557.38747840608, 53865.500698282, 55311.75307489113, 59539.12175642111, 60400.8116582324, 56895.6230825686, 57057.65567501192, 55572.43488957837, 58897.53467890117, 56403.243000716844, 57281.33234937401, 60401.04892723597, 55903.67936154343, 55757.779159055826, 55994.12149447353, 57570.348021601196, 55839.865438019704, 57390.326538941765, 54971.092150301825, 56627.89273343061, 54149.11520194475, 55690.12452281329, 59565.85111716053, 60401.4396582324, 57383.29058062645, 58342.14543569249, 56365.21015177262, 59386.2261729734, 56522.102011999355, 57966.991287517514, 60401.75434211093, 57592.31395513512, 57416.69964283941, 56578.8944679476, 58298.22741165649, 57239.55359984918, 57630.83781155179, 56349.80092045496, 57948.802307941405, 55716.681748473835, 57300.89836819813, 59853.49648688993, 57383.91858062645, 57384.01529003182, 57964.604794499515, 56774.53776964049, 59189.08278713933, 56592.28579250394, 57750.07592983346, 60263.51467292394, 57565.51136327326, 57403.847871563754, 56727.986679486276, 58292.54400388443, 57271.44367770348, 57549.117999853996, 56482.85825249945, 57772.17583968321, 56048.00052202266, 57317.69858940264, 59336.33892997358]
Minimum support: 0.5
Number of cores: 14
Number of patterns: 3
Number of invalid patterns: 31

0. Age
1. BMI
2. Glucose
3. Insulin
4. HOMA
5. Leptin
6. Adiponectin
7. Resistin
8. MCP.1
9. Classification

File: data/breast_cancer.csv

Pattern : Support
['0+', '2+'] : 0.544
['0+', '5+'] : 0.509
['0+', '6-'] : 0.539


Iteration: Best Cost
0: 0.0007092198581560284 
1: 0.0006031363088057901 
2: 0.0006031363088057901 
3: 0.0005851375073142189 
4: 0.0005851375073142189 
5: 0.0005235602094240838 
6: 0.0005235602094240838 
7: 0.0005235602094240838 
8: 0.0005235602094240838 
9: 0.0004909180166912126 
10: 0.0004909180166912126 
11: 0.0004909180166912126 
12: 0.0004909180166912126 
13: 0.0004909180166912126 
14: 0.0004909180166912126 
15: 0.0004909180166912126 
16: 0.0004909180166912126 
17: 0.0004909180166912126 
18: 0.0004909180166912126 
19: 0.0004909180166912126 
