Run-time: 431.3573884963989 seconds
Total allocated memory size: 289.5 KiB
Algorithm: PSO-GRAANK (v2.0)
Search Space: Numeric
No. of (dataset) attributes: 21
No. of (dataset) tuples: 8074
Particle population: 20
Velocity coeff.: 0.77
Personal coeff.: 0.649
Global coeff.: 0.352
Number of iterations: 20
Number of cost evaluations: 400
Candidates: [1375222312, 1282173627, 130291876, 961974934, 2466640559, 4154557446, 1403067622, 1208167008, 1353430661, 1270648623, 1870742805, 1264377259, 3098148293, 2298386742, 2145245720, 414791092, 3119333501, 2963383007, 228192341, 183617032, 1870742805.77, 1380298025.7968438, 547170412.132224, 1266653809.7891154, 2338768081.819979, 3885778441.1076508, 1557112161.7387056, 1385001224.7434607, 1499296103.580452, 1429571884.369471, 1870742805.8429134, 1355044479.3214042, 2715070770.159836, 2217977232.92018, 2133992459.9546566, 446751458.88012755, 3000007508.2232413, 2859050172.5392323, 792705727.405664, 390026554.6484551, 1499296104.350452, 1414085125.1973166, 678443911.2933843, 1286187719.1366758, 2226655685.7239, 3184966080.85015, 1540701750.4846866, 1408953401.938708, 1499296104.6068003, 1443440337.0364196, 1856307760.2811499, 1399512927.3985832, 2434111042.9251647, 2014002616.4680915, 2002244753.6047158, 780449121.9174956, 2665528755.869384, 2567996061.221366, 940615422.6531494, 459357474.0141679, 1499296105.120452, 1426239461.826258, 901147091.6717403, 1311701616.1634707, 2165821619.1253242, 3161179270.9601007, 1534396493.5924027, 1419421963.6147144, 1499296105.4477057, 1452557883.6503644, 1737833958.9987767, 1408609729.8353453, 2164546638.2569804, 1966322838.7463014, 1956225927.981536, 919631105.1272072, 2583743990.73028, 2240370187.1490765, 1078713452.8931642, 663205599.7605437, 1499296105.890452, 1428519895.857907, 930838928.0351703, 1372639573.2745748, 2015937640.033555, 2954890990.0133486, 1532347499.073873, 1420043257.9851005, 1499296106.2802052, 1467576932.0938406, 1720437271.9110951, 1410952816.2061882, 2090222548.3044243, 1811436297.117508, 1805378857.6506076, 1119353395.8282235, 2438644544.8343863, 2178794521.105712, 1218843404.2468398, 698554015.1806227, 1499296106.660452, 1447580903.7943213, 947971454.5350336, 1414127471.8827412, 1892372748.351925, 2902741394.855567, 1530309173.727426, 1425338433.8906558, 1499296107.1591632, 1474023586.1937108, 1664127365.5191276, 1414381604.3899624, 1886737008.7049518, 1771121301.0088253, 1755363633.0434253, 1216442012.3609993, 2369669928.3550186, 1973166600.6295643, 1223654084.473351, 733167204.249615, 1499296107.4304519, 1463184171.0724418, 1114371657.615152, 1426475975.822937, 1813525434.7627306, 2562616232.48844, 1519666379.0611048, 1443197096.4573166, 1499296108.0126836, 1476560878.2188084, 1633027778.584478, 1426487696.5201712, 1818983728.1997588, 1758022828.9720006, 1740358777.8693488, 1220017000.6363208, 2115709434.2950304, 1933565518.6447074, 1317734879.3097053, 798964024.8463986, 1499296108.7826836, 1464030487.9699998, 1159556165.2882545, 1448011922.7859352, 1721010577.2504833, 2248160024.8158555, 1512535521.8346775, 1453000962.1417482, 1499296108.8353922, 1483364266.6371143, 1618175661.7879076, 1431092047.0203688, 1715908131.8260252, 1755973729.2611704, 1661860144.069964, 1246431670.1218257, 1902229374.3067002, 1852045689.6276965, 1364562835.793972, 981215878.2773366, 2248160025.5858555, 1618178620.3412778, 1299680915.385449, 1606011835.3795114, 1861751230.5985525, 2248160025.7076993, 1594618484.6301174, 1556579443.626383, 1557012211.9776492, 1692910146.889084, 1683221144.5239847, 1616018122.4923844, 1752845556.7248425, 1835321219.3399472, 1839242504.8683524, 1427589247.2946877, 1999957686.8722868, 1892452466.179513, 1410776107.4439943, 1212042214.7967894, 1839242505.6383524, 1655740934.4216545, 1449402916.2645261, 1671498103.642617, 1856153280.0453596, 2133756289.4672384, 1610164688.9955432, 1557758033.4891117, 1578017217.944686, 1721753382.4418662, 1690243836.1275744, 1665822970.8441956, 1769222739.847644, 1836021646.4792118, 1839242505.685475, 1440291739.2454958, 1979297873.3388107, 1879436693.2994905, 1507802270.2261202, 1248141228.7520452, 1839242506.4083524, 1706989189.7642233, 1476528412.8543594, 1714970224.9225483, 1851538058.6211483, 2104214268.7275233, 1616300444.9677994, 1650941422.3354838, 1628621591.77944, 1743962260.5202808, 1690823685.1462893, 1701431060.76633, 1776169991.2501614, 1836077741.4275823, 1839242506.6501217, 1447356792.8674362, 1931490138.6269736, 1878259039.9241884, 1587728607.081717, 1322041220.7465851, 1839242507.1783524, 1727808357.8553643, 1563278943.4524062, 1726617640.4405715, 1848283325.3596544, 2031062949.1263683, 1663744452.8785515, 1709471895.4587557, 1665761447.7198095, 1750870895.1017573, 1741376493.8686361, 1715501498.554483, 1782895214.161931, 1836387267.368759, 1839242507.4693172, 1565484015.4278061, 1929217973.260157, 1867895564.9446084, 1622725999.4698124, 1484700893.6685562, 1839242507.9483523, 1755688158.4738545, 1564012562.5263195, 1751552644.2101676, 1847351831.3273094, 1976516390.504781, 1670765205.8468876, 1744176119.8789406, 1713646719.9428992, 1774725171.2307608, 1750816652.405957, 1741376489.2471206, 1783912365.502204, 1837035480.812815, 1839242508.2815049, 1654101028.5853312, 1921634075.4641225, 1860983972.4888175, 1669305586.8295498, 1591686478.2283814, 1839242508.7183523, 1769562057.787496, 1634623003.882508, 1775707740.9413376, 1845042338.8508277, 1934091687.1178727, 1721712682.6389751, 1768031792.8351831, 1722589360.6313612, 1778182696.7168732, 1774420593.071065, 1750526300.610497, 1791632058.5474827, 1837539972.0249372, 1839242509.1898398, 1711191013.932002, 1918474444.8106015, 1858674092.3627934, 1690887593.099187, 1599264311.154358, 1769562058.557496, 1769562058.818444, 1660553740.2287815, 1774774381.2075222, 1818588556.0463026, 1890660117.3258846, 1737750096.3611224, 1768344738.7517052, 1732114750.0157952, 1778156971.740278, 1773785046.4218247, 1755587027.530319, 1784806878.2451684, 1827213666.920534, 1826701391.8239417, 1721130266.3258345, 1870204444.4412308, 1829527277.9908075, 1706871551.6329772, 1615989407.7631474, 1769562059.327496, 1769562059.6376197, 1680415134.1270716, 1773809626.593166, 1803834367.377707, 1866550850.3526483, 1743073664.820778, 1768723245.659582, 1738062131.9992406, 1775415468.9672983, 1772994213.102174, 1758130842.9378507, 1783125748.1603413, 1811378983.5387812, 1810460125.7606359, 1731385354.7744684, 1868446207.1647046, 1809437462.489385, 1717549303.7498448, 1641068120.7676206, 1769562060.097496, 1769562060.5005088, 1704363642.8921669, 1773058962.4399078, 1796363684.3558145, 1855654005.264356, 1744281736.4602869, 1768798825.5185425, 1745984789.1922007, 1773375034.4786973, 1771852842.5691009, 1760142957.730252, 1782356061.467466, 1803015361.9727793, 1805047427.7017214, 1735000964.547462, 1839213728.0536256, 1800570270.2122827, 1735401533.3306985, 1678827295.5040088, 1769562060.867496, 1769562061.3630521, 1725969081.8777816, 1771926021.7555125, 1795820870.2436676, 1828828907.2502303, 1751558594.0745726, 1768804014.0570352, 1749067063.8100483, 1773338788.1984916, 1771313941.0859864, 1762478949.5587704, 1781075446.2140718, 1793290348.1647837, 1802271648.0066638, 1746056550.446652, 1819490354.00609, 1793892455.804563, 1739172767.2877588, 1700018359.0550942, 1769562061.637496, 1769562062.1531107, 1729234277.741198, 1771253150.392017, 1786682705.51105, 1810678451.7908375, 1755443668.1321957, 1768914206.266214, 1750876510.8358202, 1772188477.6778357, 1771059114.8811383, 1763336788.0193303, 1779938183.127919, 1789464428.521945, 1796423708.5395575, 1746446362.5454926, 1811447116.1425233, 1787442107.9117367, 1746985207.3815777, 1712563776.5925314, 1750876511.6058202, 1769004228.4314332, 1736176744.426891, 1766431166.4592104, 1781462934.3428538, 1793634711.0671563, 1754438274.084573, 1763604542.9242449, 1750876511.7304564, 1766489843.674056, 1768895452.2574048, 1760482723.7819815, 1776728978.9626193, 1780294593.783247, 1793360656.4006588, 1747431305.8164554, 1807024835.5478828, 1785688056.3815718, 1748252088.0810769, 1714324115.750391]
Minimum support: 0.5
Number of cores: 14
Number of patterns: 4
Number of invalid patterns: 175

0. date_time
1. id_site
2. Tpic
3. Dir
4. Etal
5. Tz
6. Hm0
7. Ts1
8. Ts2
9. Tc
10. Tav
11. Tint
12. Tp
13. EPS2
14. EPS4
15. Qp
16. S2
17. Tref
18. Tw
19. Batt
20. timestamp

File: data/directio8k.csv

Pattern : Support
['2+', '3-', '5+', '10+'] : 0.564
['2+', '5+', '7+', '8+', '9+', '10+', '11+', '14+'] : 0.533
['2+', '5+', '11+', '13+'] : 0.568
['2+', '3-', '5+', '7+', '10+', '14+'] : 0.515


Iteration: Best Cost
0: 2.7301741578095266e-06 
1: 1.6248141618802348e-06 
2: 6.399266899983938e-07 
3: 6.399266899983938e-07 
4: 6.399266899983938e-07 
5: 6.399266899983938e-07 
6: 6.399266899983938e-07 
7: 6.231585664361811e-07 
8: 6.231585664361811e-07 
9: 6.231585664361811e-07 
10: 6.231585664361811e-07 
11: 6.231585664361811e-07 
12: 6.231585664361811e-07 
13: 5.701052756401997e-07 
14: 3.708808122586493e-07 
15: 3.708808122586493e-07 
16: 3.708808122586493e-07 
17: 3.708808122586493e-07 
18: 3.708808122586493e-07 
19: 3.708808122586493e-07 
