Run-time: 7.20219612121582 seconds
Total allocated memory size: 271.5 KiB
Algorithm: GA-GRAANK (v1.0)
Search Space: Bitmap
No. of (dataset) attributes: 11
No. of (dataset) tuples: 1999
Population size: 8
PC: 0.776
Gamma: 0.746
Mu: 0.842
Sigma: 0.681
Number of iterations: 20
Number of cost evaluations: 240
Candidates: [23126.0, 42405.0, 23126.0, 42405.0, 41381.0, 37210.0, 42405.0, 39258.0, 54693.0, 55894.0, 21925.0, 23126.0, 37226.0, 41641.0, 38250.0, 42665.0, 39258.0, 23126.0, 39258.0, 23126.0, 23126.0, 21925.0, 23126.0, 21925.0, 21925.0, 42405.0, 21925.0, 42405.0, 23126.0, 42665.0, 23126.0, 42665.0, 39258.0, 21925.0, 39258.0, 21925.0, 42665.0, 39258.0, 42665.0, 39258.0, 42665.0, 21925.0, 42665.0, 21925.0, 42665.0, 21925.0, 42665.0, 21925.0, 42665.0, 42665.0, 42665.0, 42665.0, 42665.0, 39258.0, 42665.0, 39258.0, 42665.0, 42665.0, 42665.0, 42665.0, 42665.0, 39258.0, 42665.0, 39258.0, 39258.0, 39258.0, 39258.0, 39258.0, 42665.0, 39258.0, 42665.0, 39258.0, 39258.0, 39258.0, 39258.0, 39258.0, 39258.0, 39258.0, 39258.0, 39258.0, 39258.0, 39258.0, 39258.0, 39258.0, 39258.0, 39258.0, 39258.0, 39258.0, 39258.0, 39258.0, 39258.0, 39258.0, 39258.0, 39258.0, 39258.0, 39258.0, 39258.0, 39258.0, 39258.0, 39258.0, 39258.0, 39258.0, 39258.0, 39258.0, 39258.0, 39258.0, 39258.0, 39258.0, 39258.0, 39258.0, 39258.0, 39258.0, 39258.0, 39258.0, 39258.0, 39258.0, 39258.0, 39258.0, 39258.0, 39258.0, 39258.0, 39258.0, 39258.0, 39258.0, 39258.0, 39258.0, 39258.0, 39258.0, 39258.0, 39258.0, 39258.0, 39258.0, 39258.0, 39258.0, 39258.0, 39258.0, 39258.0, 39258.0, 39258.0, 39258.0, 39258.0, 39258.0, 39258.0, 39258.0, 39258.0, 39258.0, 39258.0, 39258.0, 39258.0, 39258.0, 39258.0, 39258.0, 39258.0, 39258.0, 39258.0, 39258.0, 39258.0, 39258.0, 39258.0, 39258.0, 39258.0, 39258.0, 39258.0, 39258.0, 39258.0, 39258.0, 39258.0, 39258.0, 39258.0, 39258.0, 39258.0, 39258.0, 39258.0, 39258.0, 39258.0, 39258.0, 39258.0, 39258.0, 39258.0, 39258.0, 39258.0, 39258.0, 39258.0, 39258.0, 39258.0, 39258.0, 39258.0, 39258.0, 39258.0, 39258.0, 39258.0, 39258.0, 39258.0, 39258.0, 39258.0, 39258.0, 39258.0, 39258.0, 39258.0, 39258.0, 39258.0, 39258.0, 39258.0, 39258.0, 39258.0, 39258.0, 39258.0, 39258.0, 39258.0, 39258.0, 39258.0, 39258.0, 39258.0, 39258.0, 39258.0, 39258.0, 39258.0, 39258.0, 39258.0, 39258.0, 39258.0, 39258.0, 39258.0, 39258.0, 39258.0, 39258.0, 39258.0, 39258.0, 39258.0, 39258.0, 39258.0, 39258.0, 39258.0, 39258.0, 39258.0, 39258.0, 39258.0, 39258.0, 39258.0, 39258.0]
Minimum support: 0.5
Number of cores: 14
Number of patterns: 1
Number of invalid patterns: 0

0. date_time
1. id_site
2. Rx
3. Hmax
4. Thmax
5. H1/3
6. Th1/3
7. Hmoy
8. Tmoy
9. Cambrure
10. Nb_Vagues

File: data/Omnidir_site2k.csv

Pattern : Support
['3+', '4+'] : 0.557


Iteration: Best Cost
0: 1.0325085311017382e-06 
1: 1.0325085311017382e-06 
2: 1.0325085311017382e-06 
3: 1.0325085311017382e-06 
4: 1.0325085311017382e-06 
5: 1.0325085311017382e-06 
6: 1.0325085311017382e-06 
7: 1.0325085311017382e-06 
8: 1.0325085311017382e-06 
9: 1.0325085311017382e-06 
10: 1.0325085311017382e-06 
11: 1.0325085311017382e-06 
12: 1.0325085311017382e-06 
13: 1.0325085311017382e-06 
14: 1.0325085311017382e-06 
15: 1.0325085311017382e-06 
16: 1.0325085311017382e-06 
17: 1.0325085311017382e-06 
18: 1.0325085311017382e-06 
19: 1.0325085311017382e-06 
