Run-time: 8.966140747070312 seconds
Total allocated memory size: 272.5 KiB
Algorithm: GA-GRAANK (v1.0)
Search Space: Bitmap
No. of (dataset) attributes: 11
No. of (dataset) tuples: 1999
Population size: 8
PC: 0.776
Gamma: 0.746
Mu: 0.842
Sigma: 0.681
Number of iterations: 20
Number of cost evaluations: 240
Candidates: [26341.0, 43497.0, 26213.0, 43433.0, 25961.0, 43433.0, 25961.0, 43433.0, 5734.0, 10905.0, 22118.0, 43673.0, 26213.0, 43433.0, 26213.0, 43433.0, 43673.0, 43622.0, 43673.0, 43622.0, 43674.0, 43433.0, 43674.0, 43433.0, 26213.0, 43433.0, 26213.0, 43433.0, 43433.0, 25961.0, 43433.0, 25961.0, 43433.0, 43674.0, 43433.0, 43674.0, 43433.0, 43433.0, 43433.0, 43433.0, 26213.0, 43433.0, 26213.0, 43433.0, 26213.0, 43433.0, 26213.0, 43433.0, 26213.0, 26213.0, 26213.0, 26213.0, 43433.0, 26213.0, 43433.0, 26213.0, 43433.0, 43433.0, 43433.0, 43433.0, 26213.0, 26213.0, 26213.0, 26213.0, 26213.0, 26213.0, 26213.0, 26213.0, 26213.0, 26213.0, 26213.0, 26213.0, 26213.0, 26213.0, 26213.0, 26213.0, 26213.0, 26213.0, 26213.0, 26213.0, 26213.0, 26213.0, 26213.0, 26213.0, 26213.0, 26213.0, 26213.0, 26213.0, 26213.0, 26213.0, 26213.0, 26213.0, 26213.0, 26213.0, 26213.0, 26213.0, 26213.0, 26213.0, 26213.0, 26213.0, 26213.0, 26213.0, 26213.0, 26213.0, 26213.0, 26213.0, 26213.0, 26213.0, 26213.0, 26213.0, 26213.0, 26213.0, 26213.0, 26213.0, 26213.0, 26213.0, 26213.0, 26213.0, 26213.0, 26213.0, 26213.0, 26213.0, 26213.0, 26213.0, 26213.0, 26213.0, 26213.0, 26213.0, 26213.0, 26213.0, 26213.0, 26213.0, 26213.0, 26213.0, 26213.0, 26213.0, 26213.0, 26213.0, 26213.0, 26213.0, 26213.0, 26213.0, 26213.0, 26213.0, 26213.0, 26213.0, 26213.0, 26213.0, 26213.0, 26213.0, 26213.0, 26213.0, 26213.0, 26213.0, 26213.0, 26213.0, 26213.0, 26213.0, 26213.0, 26213.0, 26213.0, 26213.0, 26213.0, 26213.0, 26213.0, 26213.0, 26213.0, 26213.0, 26213.0, 26213.0, 26213.0, 26213.0, 26213.0, 26213.0, 26213.0, 26213.0, 26213.0, 26213.0, 26213.0, 26213.0, 26213.0, 26213.0, 26213.0, 26213.0, 26213.0, 26213.0, 26213.0, 26213.0, 26213.0, 26213.0, 26213.0, 26213.0, 26213.0, 26213.0, 26213.0, 26213.0, 26213.0, 26213.0, 26213.0, 26213.0, 26213.0, 26213.0, 26213.0, 26213.0, 26213.0, 26213.0, 26213.0, 26213.0, 26213.0, 26213.0, 26213.0, 26213.0, 26213.0, 26213.0, 26213.0, 26213.0, 26213.0, 26213.0, 26213.0, 26213.0, 26213.0, 26213.0, 26213.0, 26213.0, 26213.0, 26213.0, 26213.0, 26213.0, 26213.0, 26213.0, 26213.0, 26213.0, 26213.0, 26213.0, 26213.0, 26213.0, 26213.0, 26213.0, 26213.0, 26213.0]
Minimum support: 0.5
Number of cores: 14
Number of patterns: 1
Number of invalid patterns: 2

0. date_time
1. id_site
2. Rx
3. Hmax
4. Thmax
5. H1/3
6. Th1/3
7. Hmoy
8. Tmoy
9. Cambrure
10. Nb_Vagues

File: data/Omnidir_site2k.csv

Pattern : Support
['3-', '5-', '9-'] : 0.717


Iteration: Best Cost
0: 2.0158039025963555e-06 
1: 2.0158039025963555e-06 
2: 2.0158039025963555e-06 
3: 2.0158039025963555e-06 
4: 2.0158039025963555e-06 
5: 2.0158039025963555e-06 
6: 2.0158039025963555e-06 
7: 2.0158039025963555e-06 
8: 2.0158039025963555e-06 
9: 2.0158039025963555e-06 
10: 2.0158039025963555e-06 
11: 2.0158039025963555e-06 
12: 2.0158039025963555e-06 
13: 2.0158039025963555e-06 
14: 2.0158039025963555e-06 
15: 2.0158039025963555e-06 
16: 2.0158039025963555e-06 
17: 2.0158039025963555e-06 
18: 2.0158039025963555e-06 
19: 2.0158039025963555e-06 
