Run-time: 225.3279287815094 seconds
Total allocated memory size: 288.6 KiB
Algorithm: GA-GRAANK (v2.0)
Search Space: Numeric
No. of (dataset) attributes: 21
No. of (dataset) tuples: 8074
Population size: 8
PC: 0.776
Gamma: 0.746
Mu: 0.842
Sigma: 0.681
Number of iterations: 20
Number of cost evaluations: 240
Candidates: [1636289275, 1504720965, 4294967295, 4294967295, 2960961481, 3662011753, 4294967295, 4294967295, 1925024389, 1934798284, 4294967295, 4294967295, 2527544810, 3708375678, 4294967295, 4294967295, 2284430015, 2164579011, 2844300155, 1645790111, 4294967295, 4294967295, 2944672955, 4294967295, 4294967295, 4294967295, 2249672955, 2249672955, 4294967295, 4294967295, 4294967295, 2999672955, 4294967295, 4294967295, 2944672955, 2949662955, 4294967295, 4294967295, 2949672955, 2949672955, 3593732540, 3700907709, 4294967295, 4294967295, 4294967295, 4294967295, 2944672995, 2949672955, 3864101551, 3430538698, 4294967295, 3405386988, 3421823977, 3872816272, 4218229777, 4294967295, 4294967295, 4294967295, 2244672955, 2244672955, 4294967294, 4294967294, 4294967295, 2949972944, 3685317789, 3609322460, 4294967295, 4294967295, 3499449684, 3795190565, 4294967295, 4294967295, 4294967295, 4294967295, 2944672955, 4294967295, 4015168003, 3279472246, 151188033, 2294722466, 4294967294, 4294967294, 2944672944, 2949672944, 501122303, 3945033024, 11223003, 4294967295, 3369226152, 3925414097, 3692261522, 4294967295, 1409541647, 3036613680, 4095416477, 3366133880, 2441843287, 2004312040, 4294967295, 44120400, 1930151088, 2376039209, 4294967295, 3760332009, 3097972531, 3267834303, 977725311, 2678343033, 3978944343, 3682156831, 4294967295, 4294967295, 4294967295, 4294967295, 2999672955, 2949972955, 3821451374, 3473188875, 4294967295, 4294967295, 3850953515, 3810147659, 4294967295, 4294967295, 2957474272, 1488681055, 4294967295, 4294967295, 4294967295, 4294967295, 2949672955, 2949672955, 4021542892, 3273097357, 11448922, 3730973557, 3467436387, 3827203862, 4294967295, 4294967295, 2966303298, 1339886999, 4294967295, 3398866999, 3740867292, 3920233882, 4294967295, 4294967295, 1542753921, 1834602961, 4294967295, 4294967295, 3363241844, 3002564990, 3662418844, 25644900, 81949159, 80461876, 89441199, 84668766, 3194784898, 4099855351, 1997848998, 998553511, 4294967295, 4294967295, 2949677955, 2299672955, 4294967295, 4294967295, 2949667955, 2244672955, 3299827785, 3994812464, 3998227855, 4294967295, 81735487, 80675548, 17354477, 755588, 1777887551, 2528302746, 1778875511, 4294967295, 1682989042, 2763166285, 4294967295, 4294967295, 4223928383, 3070711866, 2239283833, 7118666, 4147994165, 298161162, 1479941655, 981611622, 3356615079, 3938025170, 3566110799, 4294967295, 1475041737, 1902315145, 4294967295, 4294967295, 1235134684, 1915726303, 2351346844, 4294967295, 3458827320, 4202273854, 4294967295, 2022738844, 3546198974, 3748441275, 4294967295, 4294967295, 2558306911, 1747883386, 2583069111, 4294967295, 2443823041, 3630019764, 4294967295, 4294967295, 1626796873, 1384099084, 4294967295, 3840990844, 409833068, 1380265445, 8333088, 3802654455, 1884701539, 3260307851, 4294967295, 3263378811, 289928701, 1640134842, 889288011, 4294967295]
Minimum support: 0.5
Number of cores: 14
Number of patterns: 5
Number of invalid patterns: 75

0. date_time
1. id_site
2. Tpic
3. Dir
4. Etal
5. Tz
6. Hm0
7. Ts1
8. Ts2
9. Tc
10. Tav
11. Tint
12. Tp
13. EPS2
14. EPS4
15. Qp
16. S2
17. Tref
18. Tw
19. Batt
20. timestamp

File: data/directio8k.csv

Pattern : Support
['2+', '4+'] : 0.519
['2+', '10+', '12+', '13+', '14+'] : 0.62
['2+', '3-', '7+', '8+', '11+'] : 0.505
['2+', '6+'] : 0.538
['2+', '3-', '5+', '7+', '10+', '14+'] : 0.515


Iteration: Best Cost
0: 1.3242928276300455e-05 
1: 6.20439767707351e-06 
2: 6.20439767707351e-06 
3: 6.20439767707351e-06 
4: 6.20439767707351e-06 
5: 6.20439767707351e-06 
6: 1.5054391516549293e-06 
7: 1.1837275343310579e-06 
8: 1.1837275343310579e-06 
9: 1.1837275343310579e-06 
10: 1.1837275343310579e-06 
11: 1.1837275343310579e-06 
12: 9.650199566127028e-07 
13: 9.650199566127028e-07 
14: 9.650199566127028e-07 
15: 8.402859997428725e-07 
16: 8.402859997428725e-07 
17: 8.402859997428725e-07 
18: 8.402859997428725e-07 
19: 8.402859997428725e-07 
