Run-time: 0.7329905033111572 seconds
Total allocated memory size: 261.4 KiB
Algorithm: GA-GRAANK (v2.0)
Search Space: Numeric
No. of (dataset) attributes: 11
No. of (dataset) tuples: 589
Population size: 8
PC: 0.776
Gamma: 0.746
Mu: 0.842
Sigma: 0.681
Number of iterations: 20
Number of cost evaluations: 240
Candidates: [2007626, 2281988, 76266, 2819888, 2750208, 1557032, 2502088, 4194303, 2546035, 1487404, 4194303, 4194303, 733497, 1844856, 334977, 4194303, 3334103, 3680087, 3341033, 4194303, 3926070, 3778708, 4194303, 4194303, 3467042, 3547148, 4194303, 3471488, 4194303, 4194303, 1993033, 1943333, 4194303, 4194303, 1144033, 1944003, 3952372, 576907, 4194303, 769077, 4194303, 4194303, 4194303, 1944033, 3296732, 3717458, 2967322, 4194303, 4194302, 4194302, 1194022, 1944302, 1125727, 2680737, 1257277, 4194303, 3680322, 590246, 4194303, 900466, 806151, 3000313, 61111, 3333, 1707393, 2099071, 4194303, 990711, 1809311, 1345553, 4194303, 1455533, 483344, 786943, 833444, 769933, 1844475, 1703278, 4194303, 4194303, 3900901, 3764889, 4194303, 4194303, 1768510, 3619814, 4194303, 4194303, 1083410, 3114225, 834100, 1142255, 2322439, 2206840, 3224399, 2068400, 2165842, 2499667, 1658822, 2996667, 890597, 2005556, 995977, 5566, 3064638, 3949552, 644388, 3495522, 1444948, 2670927, 1449988, 4194303, 128772, 209537, 287722, 95377, 3231702, 1073885, 2317722, 738855, 455669, 523695, 556669, 233955, 989668, 848741, 889668, 487411, 173250, 547403, 732550, 474433, 2261724, 2099431, 2617244, 994311, 95244, 315998, 52444, 119988, 1458679, 3462796, 4194303, 4194303, 61787, 2810544, 17887, 4194303, 1204700, 297731, 2247000, 977331, 327599, 2495621, 375599, 2956211, 3184524, 3106851, 1845244, 1168511, 2756641, 2164834, 4194303, 1648344, 1105912, 140553, 1009122, 405533, 2505898, 331876, 4194303, 318766, 9985, 11234, 9855, 12344, 2242233, 580987, 2422333, 509877, 2633472, 2032037, 4194303, 320377, 1127961, 325359, 1227961, 255599, 290460, 47849, 904600, 77499, 627336, 579029, 273366, 599299, 722134, 2761697, 721344, 4194303, 135853, 211467, 155533, 114667, 1070191, 845174, 701911, 455744, 31296, 39034, 12966, 90344, 436429, 1348535, 464299, 3485355, 95866, 377764, 98666, 777644, 1142653, 763078, 1426533, 630788, 44801, 25529, 48011, 55299, 10837, 4839, 8377, 8339, 34817, 67181, 44817, 71811, 530527, 152704, 305277, 527044]
Minimum support: 0.5
Number of cores: 14
Number of patterns: 3
Number of invalid patterns: 0

0. Age
1. ALB
2. ALP
3. ALT
4. AST
5. BIL
6. CHE
7. CHOL
8. CREA
9. GGT
10. PROT

File: data/hcv_data.csv

Pattern : Support
['0+', '2+'] : 0.546
['0+', '4+'] : 0.509
['0+', '1-'] : 0.532


Iteration: Best Cost
0: 0.00013653741125068268 
1: 0.00012110936175366356 
2: 4.9892730629147335e-05 
3: 4.9892730629147335e-05 
4: 4.9892730629147335e-05 
5: 3.335112059765208e-05 
6: 3.335112059765208e-05 
7: 3.335112059765208e-05 
8: 3.335112059765208e-05 
9: 3.335112059765208e-05 
10: 3.335112059765208e-05 
11: 3.335112059765208e-05 
12: 3.335112059765208e-05 
13: 3.335112059765208e-05 
14: 1.895518993100311e-05 
15: 1.895518993100311e-05 
16: 1.895518993100311e-05 
17: 1.895518993100311e-05 
18: 1.895518993100311e-05 
19: 1.895518993100311e-05 
