Run-time: 1.5583062171936035 seconds
Total allocated memory size: 290.5 KiB
Algorithm: PSO-GRAANK (v2.0)
Search Space: Numeric
No. of (dataset) attributes: 21
No. of (dataset) tuples: 522
Particle population: 19
Velocity coeff.: 0.628
Personal coeff.: 0.14
Global coeff.: 0.431
Number of iterations: 20
Number of cost evaluations: 380
Candidates: [1019629087901, 456287335405, 360388210801, 325784029525, 85013417844, 948558486963, 427401051661, 321442008077, 456369563619, 355612170297, 543232787965, 714830654232, 976947870772, 983982557507, 311523172115, 316318915058, 178574236898, 61899538789, 906454300211, 906454300211.628, 606536138865.2178, 468061229262.33417, 353291919819.2141, 253226352680.68423, 931383228305.0391, 603455205845.5608, 412822354952.23773, 534137479634.79895, 392627068556.0509, 619958171419.6699, 752440896260.7863, 971613262820.2596, 974263148869.2097, 343043448813.42523, 360017418649.40735, 211224810063.84457, 323803181504.0411, 906454300211.7024, 752440896261.4143, 660220027753.4928, 563705751550.5771, 405267364027.3054, 462809616296.9468, 876167906091.8204, 632751847716.6816, 435699298694.14044, 561626685476.3575, 496553173058.95844, 642552770647.3602, 752440896261.647, 921562068572.443, 946984112708.8395, 478293435936.1651, 487824225792.27765, 375938358877.6016, 370962279117.90625, 898443244958.1508, 561626685476.9856, 627882923113.2422, 563054579073.8031, 422103696874.7086, 503161474517.8677, 788551857024.3258, 608136918142.4099, 479411634798.2979, 561626685477.1066, 517019224727.98785, 628665596960.6079, 707119592754.3173, 843647915378.7103, 946342155664.0065, 494529590193.6376, 492459813365.20605, 421883139267.4621, 452047991138.72327, 843006692305.8713, 561626685477.6136, 609535375621.3081, 562573022047.221, 441671844430.3468, 516496326884.63947, 783612607666.6578, 594121774269.9264, 482732562704.14545, 561626685477.7692, 533993344556.4997, 624206607288.6852, 676714732693.1036, 746684150581.3555, 872940191299.1765, 513505294766.22626, 510759490479.3571, 432072495579.45074, 475418274641.39325, 831475887001.973, 482732562704.77344, 596294180151.7122, 545760723649.5614, 454731448247.69354, 512602724484.92395, 740174807233.4872, 592441309069.1062, 482732562704.9589, 538173816557.33765, 513832568208.9963, 573955270035.162, 659318566552.9299, 649210051252.6963, 862942902276.663, 512138408422.6636, 502716587218.45374, 434573688004.76697, 478521542728.33777, 715998615023.4082, 482732562705.4014, 583825207780.5175, 519626837197.3342, 456981072091.86993, 504750555323.0862, 716494858567.7177, 568686402458.6053, 482732562705.7418, 537631791288.6434, 509181086689.7412, 535499739274.704, 642450861618.8507, 592414951082.5314, 701160375492.3376, 503939839484.3989, 497842270191.90216, 454980728399.623, 478733888901.587, 680842070484.4846, 482732562706.0294, 583443590307.9802, 509376643669.90735, 462904963921.18835, 495685566098.4483, 714381383173.7976, 565652465301.2921, 482732562706.4911, 528478405395.47107, 507938043464.44574, 517803987798.2976, 594865293384.998, 584889253058.3569, 644941900399.142, 495483371909.6219, 492656114991.00146, 465395997056.38763, 479540914705.82605, 614167775543.5204, 594865293385.6261, 586179925098.0231, 531016521475.5233, 466333813918.5173, 536134621009.1788, 671007536455.8502, 577072726394.7673, 500237278327.04443, 551825559522.2902, 543668396110.5827, 544679519925.0836, 594865293385.8529, 586029321066.8003, 633125931650.0887, 518407938336.6809, 522567467724.1967, 486866954361.1246, 484656252395.356, 609322536502.1791, 500237278327.6724, 569406572799.4984, 521072067683.55273, 476571466594.8644, 528707318085.15546, 616832566750.4507, 545300588883.3413, 500237278327.7317, 545645234058.9547, 533580168445.3745, 539609380692.6212, 586140071324.3646, 585426662349.6317, 627246448232.8639, 513633373447.2506, 515025334372.63184, 490785821793.299, 485291920071.3766, 604265223279.9279, 500237278328.3004, 544705788977.90155, 513549494622.3029, 479272920685.358, 526679809183.54193, 611200390519.0099, 529424064214.296, 500237278328.4327, 534879298995.9083, 526752880347.8067, 525974192977.51953, 585913054203.685, 581896647389.9001, 617546897481.7162, 509947296883.44525, 514747132835.54834, 491625501392.6405, 488088631102.4501, 573344627729.6766, 500237278328.9284, 535756923319.1551, 510476501798.5111, 482688514405.6974, 522301358384.072, 595827134288.5739, 517925722006.7283, 500237278329.17175, 520267658426.8319, 516060349338.09064, 523107385852.25226, 580337447479.0612, 561812940186.0315, 578470473238.613, 509132514659.3647, 510589026290.7292, 493206206613.59705, 491499186058.65674, 568263082385.8768, 500237278329.5564, 535274807947.43976, 507964798962.7474, 487508001850.2834, 518608850798.8805, 590396022349.5277, 517707678607.6945, 500237278329.8458, 513361300572.28107, 514827916247.3543, 522192929229.8839, 553975708525.3329, 542610117021.775, 546821749320.5082, 505947199061.07355, 508316008717.59454, 494306846180.0969, 492012631571.33203, 550704834383.6091, 500237278330.1844, 526991187061.1468, 506591952265.134, 490447701243.04553, 514551907234.4049, 574605723277.078, 516434926598.3861, 500237278330.47797, 510135413639.7971, 513369265149.1139, 521266310238.1961, 542713634968.686, 540486389373.815, 541990585709.55994, 503557071993.9573, 507048672053.7749, 494567612029.8065, 494672094809.3286, 533149510874.5122, 500237278330.8124, 520275409997.4239, 504614201641.8239, 493492560826.74243, 511711257682.2093, 557399598938.955, 513248760443.9462, 500237278331.1487, 509222794825.7376, 508889777546.3715, 521132354806.97845, 527936124215.0972, 529428341936.8989, 526268264793.88806, 503295799745.25183, 504352597194.473, 496635121729.3152, 494952179372.40674, 527657482026.56396, 500237278331.44037, 515058859968.0005, 504539085918.3144, 494300807341.28265, 507306417280.29834, 538331297687.2621, 511897157175.75964, 500237278331.78973, 507444468266.60345, 505169216493.3747, 519397653409.44965, 524502658184.0844, 527992644983.97955, 526073612913.3689, 502735908168.0963, 504160535364.2544, 496759212885.8897, 496979712459.5369, 527454364209.732, 507306417280.92633, 514370374183.8842, 504760709976.9943, 496227568274.23035, 507306417281.0437, 531198935178.69666, 510387253136.9047, 500918335397.95087, 507387929694.2551, 505911092389.1602, 515538894242.49585, 517305121463.5167, 520498488208.04175, 524513709124.7167, 503179064197.8758, 504275150142.3654, 497618038842.23615, 501426441501.86597, 526253702178.48676, 507306417281.5543, 512119869407.06494, 505832088251.2667, 498290306587.0384, 507306417281.752, 527668524340.99634, 509904037182.182, 503447078899.11206, 507362988855.1625, 505982260212.3149, 514141103177.19196, 514365115321.2765, 520315235983.92566, 520807080151.61914, 504838458178.33905, 505526518886.7886, 499786628685.3634, 502904706582.95386, 521845029389.2915, 507306417282.1823, 510326574513.49365, 506261186804.5117, 501583370198.484, 507306417282.461, 525856074237.8344, 508987220962.41864, 503740487667.8448, 507340025832.8947, 506080237619.0802, 513932712288.74036, 514268013043.449, 515638080420.36444, 517645639721.83014, 505837542609.3587, 506175688584.09784, 501852388783.44403, 504316927641.3834, 518114966293.9051, 505837542609.9867, 509179675922.33844, 506208646734.8616, 501653872471.9924, 507280269279.9684, 522492004362.81537, 508761497693.9852, 504220529529.8931, 506845641564.8584, 506012476317.03687, 513370899192.8592, 512596902540.4658, 513073183993.4185, 517570641950.8112, 505837542610.1311, 506062515309.24414, 503135729037.601, 504715759001.0176, 515861188401.20544]
Minimum support: 0.5
Number of cores: 14
Number of patterns: 5
Number of invalid patterns: 105

0. Date
1. BUDAPEST
2. BARANYA
3. BACS
4. BEKES
5. BORSOD
6. CSONGRAD
7. FEJER
8. GYOR
9. HAJDU
10. HEVES
11. JASZ
12. KOMAROM
13. NOGRAD
14. PEST
15. SOMOGY
16. SZABOLCS
17. TOLNA
18. VAS
19. VESZPREM
20. ZALA

File: data/hungary_chickenpox.csv

Pattern : Support
['1+', '4+', '7+', '9+'] : 0.528
['1+', '2+', '3+', '4+', '14+'] : 0.504
['1+', '4+', '5+', '8+', '9+'] : 0.505
['1+', '3+', '4+', '5+'] : 0.53
['1+', '2+', '3+', '5+', '9+'] : 0.511


Iteration: Best Cost
0: 0.007518796992481203 
1: 0.0008389261744966443 
2: 0.00045662100456621003 
3: 0.00045662100456621003 
4: 0.00045662100456621003 
5: 0.00045662100456621003 
6: 0.00045662100456621003 
7: 0.0002632964718272775 
8: 3.0024620188554615e-05 
9: 3.0024620188554615e-05 
10: 2.7100271002710027e-05 
11: 2.7100271002710027e-05 
12: 2.7100271002710027e-05 
13: 2.7100271002710027e-05 
14: 2.7100271002710027e-05 
15: 2.7100271002710027e-05 
16: 2.7100271002710027e-05 
17: 2.7100271002710027e-05 
18: 2.7100271002710027e-05 
19: 2.7100271002710027e-05 
