Run-time: 416.0393888950348 seconds
Total allocated memory size: 286.7 KiB
Algorithm: PSO-GRAANK (v2.0)
Search Space: Numeric
No. of (dataset) attributes: 21
No. of (dataset) tuples: 8074
Particle population: 20
Velocity coeff.: 0.9
Personal coeff.: 0.649
Global coeff.: 0.352
Number of iterations: 20
Number of cost evaluations: 400
Candidates: [1485980471, 938386881, 3738817507, 1144360719, 1558607259, 4152128058, 124257131, 1111143218, 2275968116, 3030091407, 3062221302, 3344956652, 359050813, 86096967, 1670374626, 505347228, 889136152, 1348120848, 1623676234, 3694714642, 3694714642.9, 1070056067.7450005, 3724631780.1186643, 2024055814.188548, 1629592046.7148945, 4011495921.831962, 1301244519.130935, 1143784456.6604939, 2631413112.707721, 3102524599.1467485, 3199770865.566415, 3370484093.229785, 548258725.4593614, 292131600.30828637, 1686839802.5557985, 1513551777.9367704, 1555842715.8909316, 1358964281.5247562, 1993085974.2510135, 3694714643.1967278, 292131601.20828635, 990684916.1741629, 2617678874.0158005, 1795655436.310914, 1240610073.9198685, 2925938743.993188, 1184416909.3438544, 900672405.1877924, 2006958642.834017, 2954902965.4348664, 2765640442.0787745, 2359671750.044526, 513608949.02163935, 292131601.29762393, 1284608581.39307, 1191684677.6441407, 1205544641.1535301, 1221250534.8366013, 1988961048.4228876, 3156849889.908882, 1795655437.2109141, 1137136829.604851, 2369395532.728173, 1795655437.472919, 1380229996.8040822, 2673184431.788703, 1281205480.9828713, 1028122583.3797998, 1936527133.337631, 2697041484.8448834, 2513871507.251337, 2212189674.725935, 608630120.1616548, 373047797.163128, 1429714499.0236268, 1352581640.756736, 1243304110.911732, 1305826168.578127, 1982230882.7471125, 3152776770.7082405, 1982230883.6471126, 1412584369.5143785, 2360814444.6734233, 1816029986.8974485, 1408889079.302114, 2596150389.129094, 1388108446.0258033, 1247779296.0707757, 1950314924.2140296, 2536753861.1965294, 2339990588.207137, 2152722812.319522, 1083166506.9220679, 588921020.4103512, 1604320381.0978754, 1571878819.97889, 1432010023.7077398, 1399251398.124561, 1982230883.7287993, 3147567157.508814, 1247779296.9707758, 1408324638.6744318, 2282898571.5310707, 1661348019.1841693, 1394020203.7969055, 2281840321.9205656, 1385300827.7123435, 1247779297.1132064, 1921434756.0206447, 2395567768.1277013, 2089957239.1352355, 2107720722.179497, 1086188839.9917963, 771907068.3324988, 1546956488.574776, 1477169813.295536, 1392363643.3303838, 1348887926.9153924, 1784691669.4362302, 3145536154.068786, 1247779297.870776, 1387930908.4771929, 2045330318.1992278, 1630777711.412142, 1352975045.2624223, 1994374151.5752788, 1378557617.218408, 1247779298.0418887, 1778181720.2673771, 2263112233.949604, 1920596590.0479267, 1923196247.1619394, 1099094226.6512136, 805175392.287931, 1474128058.3778648, 1430544641.2272139, 1356779078.092943, 1336846455.286883, 1727180990.7584145, 2909063846.970743, 1247779298.9418888, 1365199827.444292, 1947127049.9531891, 1613958535.0025597, 1321427521.3218758, 1744727699.6206203, 1378221260.7345352, 1247779299.045201, 1745107389.0822375, 2257030601.504673, 1743216244.7120404, 1815883339.725676, 1112006072.2340393, 954613399.5049723, 1468976761.6890564, 1392742956.428082, 1327228618.7310948, 1324794776.212054, 1649283789.2041783, 2662619072.8401184, 1247779299.841889, 1340036907.0391028, 1838425267.232889, 1566356215.7858672, 1298270797.583217, 1644817436.8216877, 1346769543.9834962, 1247779299.998239, 1599928374.8807626, 1981581725.72178, 1621911670.1771183, 1703296790.1288602, 1133730321.9786637, 998996131.64493, 1413329617.6465628, 1386259087.4116561, 1321728182.1593623, 1314089791.9414382, 1543979842.2608204, 2310710566.436745, 1247779300.741889, 1331028998.1276548, 1806418922.5634372, 1534917241.121445, 1284707502.829529, 1555437491.3012338, 1313520710.6706238, 1247779300.950969, 1536711350.0956967, 1829755975.35455, 1581507705.377619, 1688927577.820963, 1136550641.908301, 1025361438.4201682, 1378502182.1816106, 1361186039.72449, 1312652765.859469, 1313294491.259249, 1449341186.1223376, 2045308832.369459, 1331028999.027655, 1331028999.2478163, 1699023974.9840758, 1526257575.968875, 1290106078.9374194, 1533618428.809678, 1314627228.2905433, 1273188494.4083953, 1473676815.4725192, 1677018077.5819373, 1509429333.933468, 1568806038.4893224, 1177737227.279947, 1026126327.023784, 1370477322.2822897, 1351279229.5564997, 1314891352.8367066, 1313869064.828027, 1420881066.875983, 1839526050.2960267, 1331028999.927655, 1331029000.2789025, 1638250209.205319, 1495777208.54621, 1295621610.3090937, 1489014201.4864988, 1318838651.8881333, 1288021924.0380359, 1434294088.3231905, 1585010088.2076457, 1465007152.306146, 1547065373.2011566, 1206831744.9796522, 1131651446.958395, 1365869128.139898, 1350410805.9455056, 1319521443.6494756, 1317459052.29856, 1392692975.099424, 1718922570.9900978, 1331029001.1789026, 1331029001.4360776, 1629243447.5712545, 1455393694.1319053, 1296087002.0786102, 1474461794.9765825, 1321415800.0098705, 1293419307.2062159, 1430295276.7516785, 1571654946.864694, 1418476665.621953, 1526395056.4772708, 1224762000.350268, 1163372572.2984867, 1363859647.2270243, 1346199584.349201, 1320592650.6420689, 1320658621.8490233, 1381759797.6470454, 1636181112.0702605, 1224762001.250268, 1317081781.900868, 1537093815.8940701, 1423375321.7628138, 1272331555.2750614, 1469854302.1754448, 1301575550.5871205, 1277667223.238765, 1395034482.5290442, 1533033352.226277, 1384621911.3794367, 1514290227.8992853, 1224762001.3750887, 1182773716.838494, 1363706287.8024101, 1336343134.6814072, 1291649166.090362, 1310475689.1561303, 1351861745.6654785, 1495212649.5903006, 1301575551.4871206, 1316497465.4342203, 1492872540.7822287, 1418402480.882522, 1275093224.4302738, 1448671534.4773366, 1301575551.6871917, 1277838883.9607105, 1393800954.348339, 1470975274.1129358, 1378966284.1026456, 1494685584.4194126, 1235833352.0509286, 1199841743.5642028, 1356765884.6926768, 1327551896.957858, 1293968627.2789447, 1309854462.5852213, 1340664382.22966, 1455734475.2640986, 1494685585.3194127, 1340746614.6719222, 1493422980.7067165, 1440830397.7175076, 1315987310.6380134, 1462428652.8266506, 1361542915.8158886, 1337126706.0085225, 1403227263.9617097, 1475473704.504956, 1412040186.774668, 1494685585.4836216, 1258549169.774765, 1258502818.709209, 1357958122.3316846, 1384120442.3729014, 1318031377.3754065, 1368280326.746083, 1377936578.3005865, 1466424961.3676577, 1315987311.5380135, 1338223657.6666217, 1458702926.700287, 1420771529.8666553, 1315987311.7789364, 1448413874.839148, 1356690448.8185713, 1333189727.2491505, 1402224429.5324771, 1451596163.8859274, 1381744084.1394606, 1467258882.8336518, 1272513239.0342607, 1259047327.316958, 1349519690.3773406, 1371085535.2680664, 1317729555.4690473, 1367146429.6669853, 1360923155.429361, 1456000277.3504872, 1315987312.4380136, 1338028501.139441, 1452148660.1609025, 1384601772.4849246, 1315987312.7065716, 1426095010.6940176, 1350612496.6682045, 1330417246.3892665, 1384162263.314862, 1419958460.96317, 1380935959.2277758, 1426522382.3088953, 1277983685.1230736, 1273953664.299397, 1348065728.841353, 1362993463.4657822, 1317549090.688671, 1359271946.2269816, 1347622030.5273638, 1417250860.1425333, 1348065729.741353, 1338289124.497714, 1430218754.1546497, 1373845164.199581, 1322450279.300573, 1423987716.6494696, 1350335107.0214272, 1332081490.4953005, 1373671707.561935, 1412920806.1703482, 1374528034.4731784, 1413268153.5140836, 1292182055.4896023, 1276202306.8166316, 1348065729.982324, 1358012820.525937, 1325045847.8591082, 1357981945.4749467, 1347693916.6115313, 1411553276.536931, 1348065730.6413531, 1340822598.535737, 1415955530.392417, 1370907290.9178607, 1327390960.1295662, 1405031956.7326696, 1349635377.5367937, 1335239646.8259478, 1371242095.3156877, 1398397722.7726593, 1370798401.5327454, 1408510117.6165202, 1303270871.7274232, 1283704919.1101122, 1348065730.8903077, 1355652707.7562027, 1328728207.3631039, 1356098187.8456573, 1347809507.3571203, 1401932933.1939328]
Minimum support: 0.5
Number of cores: 14
Number of patterns: 4
Number of invalid patterns: 164

0. date_time
1. id_site
2. Tpic
3. Dir
4. Etal
5. Tz
6. Hm0
7. Ts1
8. Ts2
9. Tc
10. Tav
11. Tint
12. Tp
13. EPS2
14. EPS4
15. Qp
16. S2
17. Tref
18. Tw
19. Batt
20. timestamp

File: data/directio8k.csv

Pattern : Support
['2+', '3-', '7+', '8+', '10+'] : 0.542
['2+', '4+'] : 0.519
['2+', '3-', '5+', '8+'] : 0.574
['2+', '3-', '7+', '8+', '11+'] : 0.505


Iteration: Best Cost
0: 3.852243353917154e-06 
1: 2.5764032380235896e-06 
2: 1.385022368111245e-06 
3: 1.3626614413142597e-06 
4: 3.054178375623014e-07 
5: 3.054178375623014e-07 
6: 3.054178375623014e-07 
7: 3.054178375623014e-07 
8: 3.054178375623014e-07 
9: 3.054178375623014e-07 
10: 3.054178375623014e-07 
11: 3.054178375623014e-07 
12: 3.054178375623014e-07 
13: 3.054178375623014e-07 
14: 3.054178375623014e-07 
15: 3.054178375623014e-07 
16: 3.054178375623014e-07 
17: 3.054178375623014e-07 
18: 3.054178375623014e-07 
19: 3.054178375623014e-07 
