Run-time: 415.46140027046204 seconds
Total allocated memory size: 285.4 KiB
Algorithm: PSO-GRAANK (v2.0)
Search Space: Numeric
No. of (dataset) attributes: 21
No. of (dataset) tuples: 8074
Particle population: 20
Velocity coeff.: 0.9
Personal coeff.: 0.649
Global coeff.: 0.352
Number of iterations: 20
Number of cost evaluations: 400
Candidates: [2138652048, 2357155832, 733106494, 892567992, 2136154223, 3887006169, 725000261, 2431677303, 4117437351, 2681537502, 2417823597, 2308181939, 3313331911, 2611863088, 4189789814, 1987995270, 143793630, 2449302465, 1840978679, 384543475, 1987995270.9, 2300636848.9363265, 1141479081.933566, 991096141.3840251, 2114969099.4704123, 3570599452.749767, 795895822.7122583, 2294174868.6100316, 4028868987.948957, 2663859360.0679626, 2362247880.718022, 2256145801.0509777, 2990945781.1188045, 2564045383.1252666, 3864327254.2165313, 1987995271.1578004, 570022183.621789, 2400330630.044762, 1879186754.8798757, 601383644.2945286, 2362247881.618022, 2319636057.6058016, 1464817072.7396479, 1085400438.222801, 2130164811.06586, 3507466135.141343, 1311770914.6548617, 2306245371.4512186, 3688036114.8781676, 2591482339.181705, 2362247881.7147346, 2283331401.185651, 2833095862.922113, 2559887222.4742246, 3480878141.7485023, 2009236091.0678399, 873984320.1832325, 2392947487.497981, 2007946153.520904, 832962009.5260521, 873984321.0832325, 2236087134.925026, 1437740542.0649838, 1024163764.8400639, 1843277173.692618, 3174208765.161658, 1212112022.0172796, 2262019096.630195, 3667678133.62629, 2115286263.6926, 2074187120.3157392, 2176702670.942124, 2210820988.5801816, 2463244445.3773704, 3231632428.6979365, 1621782242.7293334, 873984321.2181793, 1978185156.5183578, 1947647905.817582, 843605096.3580831, 1024163765.7400639, 2063981356.4319153, 1402676718.1032555, 1024163765.9292477, 1780752291.2484212, 2507090402.6233664, 1150200887.6039917, 1842277248.1863427, 3580151405.2726917, 1839048165.7365944, 1934107593.6301394, 2074313627.8951788, 2162492819.991826, 1990262637.03585, 2512963724.0349636, 1616284824.5781286, 876704608.8266807, 1824625059.3447661, 1849344965.3427305, 859046244.4467211, 1024163766.6400639, 2010239570.9936862, 1386563587.8592935, 1024163767.0662174, 1744859427.137978, 2468692753.0806866, 1111651499.4098012, 1672256948.3195972, 3310082624.0543585, 1625929407.9475536, 1671040299.8249857, 2018119741.41212, 1942165954.7301762, 1774310602.6561306, 2409447081.177994, 1559014753.9337902, 916718092.5164245, 1574029599.4978313, 1648150658.2985113, 890608191.2281733, 2018119742.3121202, 2011394350.9897933, 1403368867.7553592, 1253735798.3581142, 1745138933.8358564, 2324376897.1922264, 1420496104.7607036, 1698705771.4084003, 3118157222.0053506, 1699939696.3778896, 1748755371.204326, 2018119742.5153966, 1965561463.5416777, 1824275948.381474, 2314159275.2120314, 1601811412.7849162, 930870349.5557042, 1686093233.4822354, 1649796521.7277107, 909335780.7993052, 2018119743.2121203, 2012099997.194604, 1545737663.6495056, 1432370748.367525, 1760862208.9249983, 2289273217.0449014, 1488776494.862948, 1737859833.717331, 2870341670.3302298, 1803157437.2478056, 1842083765.1743374, 2018119743.4615326, 1974124022.1243753, 1889065780.7477295, 2300335135.15722, 1706177970.6573002, 1145515664.0735922, 1741867726.2281501, 1667888534.502816, 1174898552.719886, 1174898553.6198862, 1810864646.0606759, 1483483046.9436452, 1427715638.942692, 1555630076.951202, 2143803805.6856623, 1445598961.471439, 1690079617.8978224, 2529225770.347953, 1798863740.0344083, 1818922923.7900689, 1778692327.226496, 1793739624.5617635, 1818086190.1842458, 2264500294.848435, 1519380407.8486814, 1149826116.519142, 1597760647.1526632, 1575947894.986602, 1174898553.8753505, 1174898554.5198863, 1758953076.0453982, 1428732269.8217015, 1414921191.7187068, 1553828969.9932685, 2138160181.8142474, 1423421767.186515, 1625320142.4003458, 2313896915.1131163, 1705021126.5726042, 1624042624.3642612, 1767418909.4143338, 1776355334.480096, 1801278318.2814417, 1907562955.1067252, 1442982016.7749994, 1158587383.7878723, 1593102445.802586, 1551997478.4326768, 1174898554.8099892, 1174898555.4198864, 1589555490.103137, 1392957988.97199, 1381272219.0672307, 1526619072.0274675, 1909913408.4759483, 1352704591.1764534, 1543384271.2524834, 1985889122.1666284, 1693533245.7910974, 1622301233.872984, 1625624189.1926582, 1691454917.967096, 1591601563.7879055, 1719911890.8381758, 1406927030.2927303, 1158909038.9038937, 1534719864.9002414, 1430578456.514012, 1174898555.781286, 1174898556.3198864, 1585457335.7385573, 1365689925.6073294, 1367142086.6202965, 1506615455.8715136, 1837019169.856348, 1337993258.6872385, 1469965553.9362564, 1720271347.9238791, 1632808105.0746431, 1498194624.1197727, 1483145398.270626, 1673221742.6976712, 1582128430.1914546, 1670882175.8762984, 1338527965.5906744, 1162174614.453964, 1517294550.624958, 1393241116.1536303, 1174898556.8011487, 1162174615.353964, 1557370002.3237987, 1349631440.3229032, 1297205725.0590632, 1434608689.0370708, 1697786325.8967483, 1337806460.254012, 1366581052.2745404, 1537000478.1430602, 1484503917.4716268, 1438823796.5529406, 1480518711.8371303, 1503257001.1820238, 1459170798.7533817, 1634071426.4937406, 1325754032.563813, 1162174615.5951927, 1412685661.2258778, 1323989026.485498, 1172480150.216236, 1162174616.2539642, 1549031817.0733235, 1303745244.393253, 1292140699.8641357, 1388708010.5378683, 1693578337.9914043, 1276684841.8178787, 1324048354.2369263, 1526469307.7041466, 1419188807.603387, 1374391663.793119, 1430020550.5012672, 1434199064.458051, 1413632081.4435644, 1501434834.7381325, 1299640441.0856593, 1162174616.6043236, 1357900156.3380218, 1272821016.2769985, 1171721055.2300081, 1162174617.1539643, 1479480461.582352, 1283755615.242553, 1247118809.4432106, 1346835490.6178305, 1636757746.2376578, 1240929477.4139533, 1305088939.3368945, 1502567935.9131258, 1400331486.5586693, 1373247775.1261747, 1369591080.6373513, 1389271284.0238175, 1364962350.4075263, 1443588080.9317043, 1280565110.319678, 1162174617.523378, 1334970024.5513606, 1242116560.6331882, 1171157483.471866, 1162174618.0539644, 1371292343.965364, 1273120049.0712862, 1224649018.8330739, 1295391165.8320081, 1479637002.6187756, 1217613741.3630643, 1300610744.1281767, 1482265173.686327, 1329891576.5319133, 1310192834.2787251, 1316646811.2403474, 1354378624.60981, 1307704775.0963206, 1390201510.324571, 1239320935.8035243, 1162174618.5084748, 1283806007.1137834, 1221785992.564988, 1167996447.5538268, 1307704775.9963207, 1364884580.934537, 1273241944.3443415, 1240918641.7307227, 1298889270.9171088, 1436140164.8377597, 1243345164.5082705, 1302143195.5554464, 1453880317.5149782, 1325326376.0108168, 1309643426.2936304, 1314490557.4842443, 1341246176.2312222, 1307704776.1365716, 1373207304.0056329, 1243646769.3631847, 1212794603.9396966, 1284746812.4125087, 1238531183.5166576, 1200186765.1935601, 1307704777.0365717, 1353935308.0548124, 1276493538.4993105, 1257168220.334646, 1301976686.5273547, 1429189914.807129, 1264979347.9378629, 1303417733.5589702, 1407004083.081588, 1323603932.2252905, 1309605112.9083664, 1313767856.2554681, 1334920023.8537543, 1307704777.2822475, 1364673735.386938, 1260821269.7797015, 1234970536.207215, 1290375275.8041973, 1246275383.8886254, 1206160043.589425, 1307704777.9365718, 1352446010.7834232, 1279680059.8982773, 1266991219.6276233, 1302183551.0228944, 1404220251.893347, 1275017250.4816794, 1303522123.775405, 1376371065.1251698, 1319307883.0211308, 1309134479.8932064, 1313613132.3319964, 1333071495.8548632, 1307704778.2327309, 1346292796.3419778, 1272412608.5507479, 1237081592.2896957, 1292216538.0893137, 1265296338.1852605, 1240427942.3058286, 1272412609.450748, 1332134070.5304842, 1277758080.2268677, 1268531254.7666898, 1299911430.8922174, 1400049295.3747945, 1274703739.1114454, 1295737444.3090324, 1367438680.6669755, 1317644157.2137425, 1308014853.7042725, 1304417372.2612143, 1328246826.6283736, 1304352638.3119287, 1331839114.5572884, 1272412609.561217, 1238411996.0564477, 1287138452.31005, 1266796245.9610956, 1244021062.9655726]
Minimum support: 0.5
Number of cores: 14
Number of patterns: 3
Number of invalid patterns: 190

0. date_time
1. id_site
2. Tpic
3. Dir
4. Etal
5. Tz
6. Hm0
7. Ts1
8. Ts2
9. Tc
10. Tav
11. Tint
12. Tp
13. EPS2
14. EPS4
15. Qp
16. S2
17. Tref
18. Tw
19. Batt
20. timestamp

File: data/directio8k.csv

Pattern : Support
['2+', '4+'] : 0.519
['2+', '7+', '8+', '10+', '11+', '12+', '13+', '14+'] : 0.543
['2+', '3-', '5+', '7+', '8+', '10+', '14+'] : 0.515


Iteration: Best Cost
0: 5.8005649750285676e-06 
1: 3.4585920071938716e-06 
2: 3.4585920071938716e-06 
3: 3.163735992558893e-06 
4: 3.163735992558893e-06 
5: 3.163735992558893e-06 
6: 3.163735992558893e-06 
7: 3.526921343305586e-07 
8: 3.526921343305586e-07 
9: 3.526921343305586e-07 
10: 3.526921343305586e-07 
11: 3.526921343305586e-07 
12: 3.526921343305586e-07 
13: 3.526921343305586e-07 
14: 3.526921343305586e-07 
15: 3.526921343305586e-07 
16: 3.526921343305586e-07 
17: 3.526921343305586e-07 
18: 3.054203561445689e-07 
19: 3.054203561445689e-07 
