Run-time: 2.675626754760742 seconds
Total allocated memory size: 287.8 KiB
Algorithm: GA-GRAANK (v1.0)
Search Space: Bitmap
No. of (dataset) attributes: 21
No. of (dataset) tuples: 522
Population size: 12
PC: 0.913
Gamma: 0.529
Mu: 0.856
Sigma: 0.209
Number of iterations: 20
Number of cost evaluations: 400
Candidates: [649704314729.0, 719563856793.0, 645946250601.0, 715537357209.0, 247386696614.0, 233649379161.0, 384825649830.0, 371088332121.0, 255975697306.0, 237924456297.0, 659702507930.0, 710370809449.0, 235373238105.0, 235374221161.0, 714664744537.0, 715806578281.0, 711175256953.0, 436297350010.0, 711175281001.0, 436297378154.0, 796056004276.0, 796050762168.0, 658650867366.0, 727365364137.0, 641381782870.0, 436298405545.0, 641381782870.0, 436298405545.0, 797352241306.0, 784281998490.0, 728624376218.0, 646834656922.0, 784458884698.0, 505016785238.0, 715739539034.0, 436297374038.0, 658835092886.0, 715553602153.0, 658835350934.0, 715553856105.0, 453275917209.0, 645430404969.0, 453544352153.0, 645698840169.0, 631789546146.0, 631785347410.0, 662927927974.0, 662923729238.0, 505017866089.0, 505016884074.0, 367578928745.0, 367577946474.0, 662874191462.0, 711514503577.0, 662874449510.0, 711515023769.0, 457839056473.0, 641381782870.0, 457839056473.0, 641381782870.0, 719514315625.0, 444687062953.0, 711461267817.0, 436365596329.0, 631789541986.0, 631785351570.0, 641453087334.0, 662923798934.0, 521206396521.0, 801642756502.0, 452487435881.0, 732923795862.0, 646092068181.0, 453606988394.0, 646029153621.0, 453544073834.0, 440659498646.0, 641651283305.0, 440659498646.0, 641651283305.0, 522196761466.0, 521190128506.0, 384757819738.0, 452470659418.0, 641381782870.0, 641381782870.0, 641381782870.0, 641381782870.0, 179425351317.0, 183787427417.0, 453766387349.0, 456786286169.0, 711007508889.0, 646516745818.0, 711259167129.0, 647020062298.0, 784056887002.0, 778688108009.0, 646818735770.0, 710438131049.0, 711007508889.0, 646516745818.0, 711242389913.0, 647020062298.0, 509178959593.0, 784076740058.0, 371941070441.0, 646771479898.0, 662857946790.0, 641381782870.0, 662857946790.0, 641381782870.0, 641381782870.0, 646750508378.0, 641381782870.0, 646750508378.0, 641381782870.0, 662857946790.0, 641381782870.0, 662857946790.0, 797083806106.0, 800372140710.0, 728360135066.0, 731644275366.0, 641381782870.0, 641381782870.0, 641381782870.0, 641381782870.0, 646750508378.0, 641381782870.0, 646750508378.0, 641381782870.0, 641381782870.0, 658562717078.0, 641381782870.0, 658562717078.0, 641448896918.0, 641381782870.0, 641448896918.0, 641381782870.0, 641381782870.0, 641381782870.0, 641381782870.0, 641381782870.0, 641381782870.0, 641381782870.0, 641381782870.0, 641381782870.0, 641381782870.0, 641381782870.0, 641381782870.0, 641381782870.0, 641381782870.0, 641381782870.0, 641381782870.0, 641381782870.0, 641381782870.0, 641381782870.0, 641381782870.0, 641381782870.0, 641381782870.0, 641381782870.0, 641381782870.0, 641381782870.0, 641381782870.0, 641381782870.0, 641381782870.0, 641381782870.0, 641381782870.0, 641381782870.0, 641381782870.0, 641381782870.0, 641381782870.0, 641381782870.0, 641381782870.0, 641381782870.0, 641381782870.0, 641381782870.0, 641381782870.0, 641381782870.0, 641381782870.0, 641381782870.0, 641381782870.0, 641381782870.0, 641381782870.0, 641381782870.0, 641381782870.0, 641381782870.0, 641381782870.0, 641381782870.0, 641381782870.0, 641381782870.0, 641381782870.0, 641381782870.0, 641381782870.0, 641381782870.0, 641381782870.0, 641381782870.0, 641381782870.0, 641381782870.0, 641381782870.0, 641381782870.0, 641381782870.0, 641381782870.0, 641381782870.0, 641381782870.0, 641381782870.0, 641381782870.0, 641381782870.0, 641381782870.0, 641381782870.0, 641381782870.0, 641381782870.0, 641381782870.0, 641381782870.0, 641381782870.0, 641381782870.0, 641381782870.0, 641381782870.0, 641381782870.0, 641381782870.0, 641381782870.0, 641381782870.0, 641381782870.0, 641381782870.0, 641381782870.0, 641381782870.0, 641381782870.0, 641381782870.0, 641381782870.0, 641381782870.0, 641381782870.0, 641381782870.0, 641381782870.0, 641381782870.0, 641381782870.0, 641381782870.0, 641381782870.0, 641381782870.0, 641381782870.0, 641381782870.0, 641381782870.0, 641381782870.0, 641381782870.0, 641381782870.0, 641381782870.0, 641381782870.0, 641381782870.0, 641381782870.0, 641381782870.0, 641381782870.0, 641381782870.0, 641381782870.0, 641381782870.0, 641381782870.0, 641381782870.0, 641381782870.0, 641381782870.0, 641381782870.0, 641381782870.0, 641381782870.0, 641381782870.0, 641381782870.0, 641381782870.0, 641381782870.0, 641381782870.0, 641381782870.0, 641381782870.0, 641381782870.0, 641381782870.0, 641381782870.0, 641381782870.0, 641381782870.0, 641381782870.0, 641381782870.0, 641381782870.0, 641381782870.0, 641381782870.0, 641381782870.0, 641381782870.0, 641381782870.0, 641381782870.0, 641381782870.0, 641381782870.0, 641381782870.0, 641381782870.0, 641381782870.0, 641381782870.0, 641381782870.0, 641381782870.0, 641381782870.0, 641381782870.0, 641381782870.0, 641381782870.0, 641381782870.0, 641381782870.0, 641381782870.0, 641381782870.0, 641381782870.0, 641381782870.0, 641381782870.0, 641381782870.0, 641381782870.0, 641381782870.0, 641381782870.0, 641381782870.0, 641381782870.0, 641381782870.0, 641381782870.0, 641381782870.0, 641381782870.0, 641381782870.0, 641381782870.0, 641381782870.0, 641381782870.0, 641381782870.0, 641381782870.0, 641381782870.0, 641381782870.0, 641381782870.0, 641381782870.0, 641381782870.0, 641381782870.0, 641381782870.0, 641381782870.0, 641381782870.0, 641381782870.0, 641381782870.0, 641381782870.0, 641381782870.0, 641381782870.0, 641381782870.0, 641381782870.0, 641381782870.0, 641381782870.0, 641381782870.0, 641381782870.0, 641381782870.0, 641381782870.0, 641381782870.0, 641381782870.0, 641381782870.0, 641381782870.0, 641381782870.0, 641381782870.0, 641381782870.0, 641381782870.0, 641381782870.0, 641381782870.0, 641381782870.0, 641381782870.0, 641381782870.0, 641381782870.0, 641381782870.0, 641381782870.0, 641381782870.0, 641381782870.0, 641381782870.0, 641381782870.0, 641381782870.0, 641381782870.0, 641381782870.0, 641381782870.0, 641381782870.0, 641381782870.0, 641381782870.0, 641381782870.0, 641381782870.0, 641381782870.0, 641381782870.0, 641381782870.0, 641381782870.0, 641381782870.0, 641381782870.0, 641381782870.0, 641381782870.0, 641381782870.0, 641381782870.0, 641381782870.0, 641381782870.0, 641381782870.0, 641381782870.0, 641381782870.0, 641381782870.0, 641381782870.0, 641381782870.0, 641381782870.0, 641381782870.0, 641381782870.0, 641381782870.0, 641381782870.0, 641381782870.0, 641381782870.0, 641381782870.0, 641381782870.0, 641381782870.0, 641381782870.0, 641381782870.0, 641381782870.0, 641381782870.0]
Minimum support: 0.5
Number of cores: 14
Number of patterns: 1
Number of invalid patterns: 104

0. Date
1. BUDAPEST
2. BARANYA
3. BACS
4. BEKES
5. BORSOD
6. CSONGRAD
7. FEJER
8. GYOR
9. HAJDU
10. HEVES
11. JASZ
12. KOMAROM
13. NOGRAD
14. PEST
15. SOMOGY
16. SZABOLCS
17. TOLNA
18. VAS
19. VESZPREM
20. ZALA

File: data/hungary_chickenpox.csv

Pattern : Support
['1-', '4-', '6-', '8-'] : 0.508


Iteration: Best Cost
0: 0.038461538461538464 
1: 0.038461538461538464 
2: 0.038461538461538464 
3: 0.038461538461538464 
4: 0.038461538461538464 
5: 0.038461538461538464 
6: 0.038461538461538464 
7: 0.038461538461538464 
8: 0.038461538461538464 
9: 0.038461538461538464 
10: 0.038461538461538464 
11: 0.038461538461538464 
12: 0.038461538461538464 
13: 0.038461538461538464 
14: 0.038461538461538464 
15: 0.038461538461538464 
16: 0.038461538461538464 
17: 0.038461538461538464 
18: 0.038461538461538464 
19: 0.038461538461538464 
