Run-time: 237.8319959640503 seconds
Total allocated memory size: 286.6 KiB
Algorithm: GA-GRAANK (v2.0)
Search Space: Numeric
No. of (dataset) attributes: 21
No. of (dataset) tuples: 8074
Population size: 8
PC: 0.776
Gamma: 0.746
Mu: 0.842
Sigma: 0.681
Number of iterations: 20
Number of cost evaluations: 240
Candidates: [1120724260, 1959233366, 1127242600, 4294967295, 2791933061, 3918833776, 4294967295, 3118337776, 2279407367, 3356733799, 2794073667, 3567337799, 3648715055, 3496434531, 4294967295, 4294967295, 3443416590, 3375369967, 4294967295, 3773669677, 1623725230, 3798484664, 1237252300, 4294967295, 1987039216, 3435170678, 4294967295, 4294967295, 2002853802, 3419356092, 28538822, 4193560092, 3115767985, 2306441909, 1117669855, 3004419099, 4294967295, 4294967295, 4294967295, 4294967295, 4294967295, 4294967295, 2999672955, 2249672255, 4294967295, 4294967295, 2999672955, 2994672955, 4294967295, 4294967295, 2249672955, 2949662955, 4294967295, 4294967295, 2999677955, 2949662295, 3682207113, 3612433136, 4294967295, 4294967295, 3763599517, 3531045732, 4294967295, 4294967295, 1689498909, 2437421645, 1894999099, 4294967295, 3779080663, 3515564586, 4294967295, 4294967295, 3460628545, 3834011704, 4294967295, 4294967295, 2999672955, 2999672955, 2996729555, 4294967295, 3007609597, 2414600297, 3006095977, 4146602977, 3773273421, 3373007510, 4294967295, 3730075100, 4215319295, 4226250976, 2153192255, 2222509766, 1586068970, 2540851584, 4294967295, 4294967295, 3774055284, 3520584965, 4294967295, 4294967295, 2802887179, 3566225563, 2022871799, 3662255633, 4184308819, 4257261452, 1843088119, 2252614522, 3220673375, 3296803685, 2206733355, 2968036855, 1625057547, 2501858007, 4294967295, 4294967295, 2437776327, 1689139227, 2477763227, 4294967295, 2234966163, 2987221557, 2339961663, 4294967295, 2303926711, 4213550349, 3309967711, 2135503499, 3802149374, 3492495875, 4294967295, 3924955875, 2999677306, 2999673603, 4294967295, 4294967295, 1709254958, 1640497407, 4294967295, 4294967295, 2999674691, 2999676218, 4294967295, 4294967295, 2773976672, 2703459509, 4294967295, 4294967295, 2856736284, 2620704897, 4294967295, 4294967295, 2407917536, 1718998018, 4294967295, 1189980088, 3200413787, 2073431789, 3000137877, 734317899, 3707882654, 3586762595, 4294967295, 4294967295, 2999672955, 2999672955, 2996629555, 4294967295, 2466990815, 2755196905, 4294967295, 4294967295, 1716163378, 1495917747, 4294967295, 4294967295, 2831162514, 2391020206, 4294967295, 3990202206, 2999675728, 2999675181, 4294967295, 2996751881, 2921919084, 1201953070, 4294967295, 2019530700, 3494151587, 3649080944, 4294967295, 4294967295, 3749592318, 1131328557, 4294967295, 1313225577, 2313588772, 2386684220, 3313888772, 3866842200, 1619782489, 1134066109, 4294967295, 1340661099, 1227838274, 1918935025, 2278382744, 1189350255, 3634373016, 2734739726, 4294967295, 4294967295, 2753425324, 2720967457, 4294967295, 4294967295, 2880054890, 2136105364, 4294967295, 1336053344, 2020925246, 2221115219, 9955466, 2211152199, 2999092289, 2997215220, 4294967295, 4294967295, 2334459731, 2684748923, 3344557311, 4294967295, 1463745502, 1545887918, 4294967295, 4294967295, 1805764376, 1925183077, 4294967295, 4294967295]
Minimum support: 0.5
Number of cores: 14
Number of patterns: 4
Number of invalid patterns: 82

0. date_time
1. id_site
2. Tpic
3. Dir
4. Etal
5. Tz
6. Hm0
7. Ts1
8. Ts2
9. Tc
10. Tav
11. Tint
12. Tp
13. EPS2
14. EPS4
15. Qp
16. S2
17. Tref
18. Tw
19. Batt
20. timestamp

File: data/directio8k.csv

Pattern : Support
['2+', '5+', '7+', '10+', '11+', '13+', '14+'] : 0.558
['2+', '4+'] : 0.519
['2+', '7+', '8+', '10+', '12+', '13+', '14+'] : 0.593
['2+', '3-', '5+', '7+', '8+', '10+'] : 0.525


Iteration: Best Cost
0: 1.1163704563722426e-05 
1: 1.1163704563722426e-05 
2: 1.1154327935010424e-06 
3: 1.1154327935010424e-06 
4: 1.1154327935010424e-06 
5: 1.1154327935010424e-06 
6: 1.1154327935010424e-06 
7: 7.188250947591181e-07 
8: 7.188250947591181e-07 
9: 7.188250947591181e-07 
10: 7.188250947591181e-07 
11: 7.188250947591181e-07 
12: 3.3261234064958526e-07 
13: 3.3261234064958526e-07 
14: 3.3261234064958526e-07 
15: 3.3261234064958526e-07 
16: 3.3261234064958526e-07 
17: 3.3261234064958526e-07 
18: 3.0346075751695055e-07 
19: 3.0346075751695055e-07 
