Run-time: 260.02676725387573 seconds
Total allocated memory size: 285.7 KiB
Algorithm: GA-GRAANK (v2.0)
Search Space: Numeric
No. of (dataset) attributes: 15
No. of (dataset) tuples: 9357
Population size: 20
PC: 0.5
Gamma: 547
Mu: 0.741
Sigma: 0.654
Number of iterations: 20
Number of cost evaluations: 400
Candidates: [16777215, 0, 16777215, 0, 16777215, 0, 16777215, 0, 16777215, 0, 16777215, 0, 0, 16777215, 0, 16777215, 0, 16777215, 0, 16777215, 0, 16777215, 0, 16777215, 16777215, 0, 16777215, 0, 16777215, 0, 16777215, 0, 16777215, 0, 16777215, 0, 0, 16777215, 0, 16777215, 0, 16777215, 0, 16777215, 16777215, 0, 16777215, 0, 0, 16777215, 0, 16777215, 0, 16777215, 0, 16777215, 0, 16777215, 0, 16777215, 0, 16777215, 0, 16777215, 16777215, 16777215, 16777215, 16777215, 16777215, 16777215, 16777215, 16777215, 16777215, 16777215, 16777215, 16777215, 0, 16777215, 0, 16777215, 16777215, 16777215, 16777215, 16777155, 16777215, 16777215, 16777215, 16777215, 16777215, 16777215, 16777215, 16777215, 16777215, 16777215, 16777215, 16777215, 16777215, 16777215, 16777215, 16777215, 16777215, 16777215, 16777215, 16772155, 16777215, 16777215, 16777215, 16777115, 16777215, 16777215, 16772155, 16777215, 16747670, 16777215, 16476600, 16777215, 16777215, 16777215, 16777215, 16777215, 16777215, 16777215, 16777215, 16777215, 16777215, 16777215, 16777215, 16777215, 16010026, 16777215, 16777215, 16777215, 16777215, 16777215, 16777215, 16777215, 16777215, 16777215, 16777215, 16777215, 16745054, 16777215, 16777215, 16777215, 16777215, 16777215, 16777215, 16772115, 16777215, 16777215, 16777215, 16777215, 16777215, 16777215, 16777215, 16777215, 16777215, 16750825, 16777215, 16777215, 16777215, 16777215, 16777215, 16777215, 16777215, 16777215, 16777215, 16777215, 16777215, 16777215, 16777215, 16777215, 14882245, 16777215, 16777215, 16777215, 16777215, 16332621, 16777215, 16777215, 16777215, 16777215, 16777215, 16777215, 16777215, 15987218, 16777215, 16777215, 16777215, 16777215, 16777215, 16777215, 16777215, 16777215, 16777215, 16777215, 16777215, 16777215, 16777215, 16777215, 16777215, 16777215, 16777215, 16772155, 16777215, 16777215, 16777215, 16777215, 16777215, 16777215, 16772255, 16777215, 16777215, 16777215, 16777215, 16777215, 16777215, 16777215, 16777215, 16777215, 15301943, 16777215, 15019943, 16777215, 16777215, 16777215, 16777215, 16777215, 16777215, 16774667, 16777215, 16777215, 16777215, 16455791, 16777215, 16777215, 16777215, 16753371, 16777215, 16777215, 16777215, 16777215, 16777215, 16777215, 16777215, 16777215, 16777215, 16777215, 16777215, 16777215, 16777215, 16777215, 16777215, 16307172, 16777215, 13077772, 14299443, 16777215, 16777215, 16777215, 16777215, 16777215, 16777215, 16777215, 15952031, 16777215, 16777215, 16777155, 16777215, 16777215, 16777215, 16777215, 16777215, 16777215, 16777215, 16777155, 16777215, 16777215, 16777215, 16777215, 16777215, 14853982, 16777215, 16777215, 14781131, 16777215, 16777215, 16777215, 15342512, 16777215, 16777215, 16777215, 16777215, 16777215, 16777215, 16777215, 16777215, 16777215, 16777115, 16777215, 16777215, 16758469, 16777215, 16777215, 16777215, 16777215, 16777215, 16777215, 16777215, 16746157, 16777215, 16777215, 16777215, 16755322, 16777215, 16555222, 16777215, 16777215, 16777215, 16777215, 14686725, 16777215, 16777215, 16777215, 16745512, 16777215, 16777215, 16777215, 16777215, 14663434, 16777215, 16777215, 16777155, 16777155, 16777215, 16777215, 16496584, 16777215, 16777215, 16777215, 16777215, 16777215, 16777215, 16777215, 16777215, 16777215, 16777215, 16777215, 15175837, 16777215, 11778877, 16777215, 16777215, 15084921, 16777215, 16777215, 16777215, 16764726, 16772155, 16777215, 16777215, 16284065, 16777215, 16777215, 16777215, 16777215, 16777215, 16777215, 16777215, 14044148, 16777215, 16777215, 16777215, 16777215, 16777215, 16777215, 16759741, 16777215, 16777215, 16777215, 16777215, 16745048, 16777215, 16777215, 16775120, 16777215, 16777215, 16777215, 16777215, 16777215, 16777215, 16777215, 16777215, 16777215, 16777215, 16777215, 16777215, 16758534, 16777215, 16777215]
Minimum support: 0.5
Number of cores: 14
Number of patterns: 3
Number of invalid patterns: 46

0. Date
1. Time
2. CO(GT)
3. PT08.S1(CO)
4. NMHC(GT)
5. C6H6(GT)
6. PT08.S2(NMHC)
7. NOx(GT)
8. PT08.S3(NOx)
9. NO2(GT)
10. PT08.S4(NO2)
11. PT08.S5(O3)
12. T
13. RH
14. AH

File: data/air_quality.csv

Pattern : Support
['2+', '3+', '5+', '6+', '7+', '9+'] : 0.505
['2+', '3+', '5+', '7+', '11+'] : 0.527
['2+', '3+', '5+', '6+', '8-', '11+'] : 0.532


Iteration: Best Cost
0: 1.0774329513474377e-06 
1: 1.0774329513474377e-06 
2: 1.0774329513474377e-06 
3: 1.0774329513474377e-06 
4: 9.416665803472302e-07 
5: 9.416665803472302e-07 
6: 9.416665803472302e-07 
7: 9.416665803472302e-07 
8: 9.416665803472302e-07 
9: 9.416665803472302e-07 
10: 9.416665803472302e-07 
11: 9.416665803472302e-07 
12: 1.593511222302783e-07 
13: 1.593511222302783e-07 
14: 1.078524104474473e-07 
15: 1.078524104474473e-07 
16: 1.078524104474473e-07 
17: 1.078524104474473e-07 
18: 1.078524104474473e-07 
19: 1.078524104474473e-07 
