Run-time: 40.51991248130798 seconds
Memory Usage (MiB): [120.296875, 120.59375, 121.12890625, 121.12890625, 121.12890625, 121.12890625, 121.12890625, 121.12890625, 121.12890625, 121.12890625, 121.12890625, 121.12890625, 121.12890625, 121.12890625, 121.12890625, 121.12890625, 121.12890625, 121.12890625, 121.12890625, 121.12890625, 121.12890625, 121.12890625, 121.12890625, 121.12890625, 121.12890625, 121.12890625, 121.12890625, 121.12890625, 121.12890625, 121.12890625, 121.12890625, 121.12890625, 121.12890625, 121.12890625, 121.12890625, 121.12890625, 121.12890625, 121.12890625, 121.12890625, 121.12890625, 121.12890625, 121.12890625, 121.12890625, 121.12890625, 121.12890625, 121.12890625, 121.12890625, 121.12890625, 121.12890625, 121.12890625, 121.12890625, 121.12890625, 121.12890625, 121.12890625, 121.12890625, 121.12890625, 121.12890625, 121.12890625, 121.12890625, 121.12890625, 121.12890625, 121.12890625, 121.12890625, 121.12890625, 121.12890625, 121.12890625, 121.12890625, 121.12890625, 121.12890625, 121.12890625, 121.12890625, 121.12890625, 121.12890625, 121.12890625, 121.12890625, 121.12890625, 121.12890625, 121.12890625, 121.12890625, 121.12890625, 121.12890625, 121.12890625, 121.12890625, 121.12890625, 121.12890625, 121.12890625, 121.12890625, 121.12890625, 121.12890625, 121.12890625, 121.12890625, 121.12890625, 121.12890625, 121.12890625, 121.12890625, 121.12890625, 121.12890625, 121.12890625, 121.12890625, 121.83203125, 122.34765625, 123.37109375, 124.37890625, 124.63671875, 125.87890625, 126.87109375, 127.12890625, 128.37890625, 129.38671875, 129.62890625, 130.87890625, 131.91015625, 132.12890625, 133.37890625, 133.63671875, 134.8671875, 165.07421875, 165.3125, 165.3125, 165.3125, 165.3125, 165.3125, 165.3125, 165.3125, 165.3125, 165.3125, 165.3125, 165.3125, 165.3125, 165.3125, 165.3125, 165.3125, 165.3125, 165.3125, 165.3125, 165.3125, 165.3125, 165.3125, 165.3125, 165.3125, 165.3125, 165.3125, 165.3125, 165.3125, 165.3125, 165.3125, 165.3125, 165.3125, 165.3125, 165.3125, 165.3125, 165.3125, 165.3125, 165.3125, 165.3125, 165.3125, 165.3125, 165.3125, 165.3125, 165.3125, 165.3125, 165.3125, 165.3125, 165.3125, 165.3125, 165.3125, 165.3125, 165.3125, 165.3125, 165.3125, 165.3125, 165.3125, 165.3125, 165.3125, 165.3125, 165.3125, 165.3125, 165.3125, 165.3125, 165.3125, 165.3125, 165.3125, 165.3125, 165.3125, 165.3125, 165.3125, 165.3125, 165.3125, 165.31640625, 165.31640625, 165.31640625, 165.31640625, 165.31640625, 165.31640625, 165.31640625, 165.31640625, 165.31640625, 165.31640625, 165.31640625, 165.31640625, 165.31640625, 165.31640625, 165.31640625, 165.31640625, 165.31640625, 165.31640625, 165.31640625, 165.31640625, 165.31640625, 165.31640625, 165.31640625, 165.31640625, 165.31640625, 165.31640625, 165.3203125, 165.3203125, 165.3203125, 165.3203125, 165.3203125, 165.3203125, 165.3203125, 165.3203125, 165.3203125, 165.3203125, 165.3203125, 165.3203125, 165.3203125, 165.3203125, 165.3203125, 165.3203125, 165.3203125, 165.3203125, 165.3203125, 165.3203125, 165.3203125, 165.3203125, 165.3203125, 165.3203125, 165.3203125, 165.3203125, 165.3203125, 165.3203125, 165.3203125, 165.3203125, 165.3203125, 165.3203125, 165.3203125, 165.3203125, 165.3203125, 165.3203125, 165.3203125, 165.3203125, 165.3203125, 165.3203125, 165.3203125, 165.3203125, 165.3203125, 165.3203125, 165.3203125, 165.3203125, 165.3203125, 165.3203125, 165.3203125, 165.3203125, 165.3203125, 165.3203125, 165.3203125, 165.3203125, 165.3203125, 165.3203125, 165.3203125, 165.3203125, 165.3203125, 165.3203125, 165.3203125, 165.3203125, 165.3203125, 165.3203125, 165.3203125, 165.3203125, 165.3203125, 165.3203125, 165.3203125, 165.3203125, 165.3203125, 165.3203125, 165.3203125, 165.3203125, 165.3203125, 165.3203125, 165.3203125, 165.3203125, 165.3203125, 165.3203125, 165.3203125, 165.3203125, 165.3203125, 165.3203125, 165.3203125, 165.3203125, 165.3203125, 165.3203125, 165.3203125, 165.3203125, 165.3203125, 165.3203125, 165.3203125, 165.3203125, 165.3203125, 165.3203125, 165.3203125, 165.3203125, 165.3203125, 165.3203125, 165.3203125, 165.3203125, 165.3203125, 165.3203125, 165.3203125, 165.3203125, 165.3203125, 165.3203125, 165.3203125, 165.3203125, 165.3203125, 165.3203125, 165.3203125, 165.32421875, 165.32421875, 165.32421875, 165.32421875, 165.32421875, 165.32421875, 165.32421875, 165.32421875, 165.32421875, 165.32421875, 165.32421875, 165.32421875, 165.32421875, 165.32421875, 165.32421875, 165.32421875, 165.32421875, 165.32421875, 165.32421875, 165.32421875, 165.32421875, 165.32421875, 165.32421875, 165.32421875, 165.32421875, 165.32421875, 165.32421875, 165.32421875, 165.32421875, 165.32421875, 165.32421875, 165.32421875, 165.32421875, 165.32421875, 165.32421875, 165.32421875, 165.32421875, 165.32421875, 165.32421875, 165.32421875, 165.32421875, 165.32421875, 165.32421875, 165.32421875, 165.32421875, 165.32421875, 165.32421875, 165.32421875, 165.32421875, 165.32421875, 165.32421875, 165.32421875, 165.32421875, 165.32421875, 165.32421875, 165.32421875, 165.32421875, 165.32421875, 165.32421875, 165.32421875, 165.32421875, 165.32421875, 165.32421875, 165.32421875, 165.32421875, 165.32421875, 165.32421875, 165.32421875, 165.32421875, 165.32421875, 165.32421875, 165.32421875, 165.32421875, 165.32421875, 165.32421875, 165.32421875, 165.32421875, 165.32421875, 165.32421875, 165.32421875, 127.7109375] 
Algorithm: Clu-GRAD (v1.4)
No. of (dataset) attributes: 15
No. of (dataset) tuples: 1291
Erasure probability: 0.9
Score vector iterations: 2
Minimum support: 0.5
Number of cores: 14
Number of patterns: 5
0. Date
1. Time
2. CO(GT)
3. PT08.S1(CO)
4. NMHC(GT)
5. C6H6(GT)
6. PT08.S2(NMHC)
7. NOx(GT)
8. PT08.S3(NOx)
9. NO2(GT)
10. PT08.S4(NO2)
11. PT08.S5(O3)
12. T
13. RH
14. AH

File: data/air_quality1k.csv

Pattern : Support
['3-', '5-', '6-', '8+', '10-', '11-'] : 0.706
['5+', '6+', '8-', '10+'] : 0.815
['2-', '7-', '9-'] : 0.831
['2+', '7+', '9+'] : 0.86
['3+', '11+'] : 0.865


Comparison : Estimated Support, True Support
['3-', '5-', '6-', '8+', '10-', '11-'] : 0.706, 0.714
['5+', '6+', '8-', '10+'] : 0.815, 0.821
['2-', '7-', '9-'] : 0.831, 0.828
['2+', '7+', '9+'] : 0.86, 0.828
['3+', '11+'] : 0.865, 0.872
