Run-time: 40.093154191970825 seconds
Memory Usage (MiB): [122.26953125, 122.59765625, 123.11328125, 123.11328125, 123.11328125, 123.11328125, 123.11328125, 123.11328125, 123.11328125, 123.11328125, 123.11328125, 123.11328125, 123.11328125, 123.11328125, 123.11328125, 123.11328125, 123.11328125, 123.11328125, 123.11328125, 123.11328125, 123.11328125, 123.11328125, 123.11328125, 123.11328125, 123.11328125, 123.11328125, 123.11328125, 123.11328125, 123.11328125, 123.11328125, 123.11328125, 123.11328125, 123.11328125, 123.11328125, 123.11328125, 123.11328125, 123.11328125, 123.11328125, 123.11328125, 123.11328125, 123.11328125, 123.11328125, 123.11328125, 123.11328125, 123.11328125, 123.11328125, 123.11328125, 123.11328125, 123.11328125, 123.11328125, 123.11328125, 123.11328125, 123.11328125, 123.11328125, 123.11328125, 123.11328125, 123.11328125, 123.11328125, 123.11328125, 123.11328125, 123.11328125, 123.11328125, 123.11328125, 123.11328125, 123.11328125, 123.11328125, 123.11328125, 123.11328125, 123.11328125, 123.11328125, 123.11328125, 123.11328125, 123.11328125, 123.11328125, 123.11328125, 123.11328125, 123.11328125, 123.11328125, 123.11328125, 123.11328125, 123.11328125, 123.11328125, 123.11328125, 123.11328125, 123.11328125, 123.11328125, 123.11328125, 123.11328125, 123.11328125, 123.11328125, 123.11328125, 123.11328125, 123.11328125, 123.11328125, 123.11328125, 123.11328125, 123.11328125, 123.11328125, 123.11328125, 123.73046875, 124.20703125, 125.1953125, 126.21484375, 126.69140625, 127.65234375, 128.16796875, 129.15234375, 130.11328125, 130.62890625, 131.609375, 132.640625, 133.109375, 134.1015625, 135.12890625, 135.60546875, 136.59765625, 145.89453125, 167.3046875, 167.3046875, 167.3046875, 167.3046875, 167.3046875, 167.3046875, 167.3046875, 167.3046875, 167.3046875, 167.3046875, 167.3046875, 167.3046875, 167.3046875, 167.3046875, 167.3046875, 167.3046875, 167.3046875, 167.3046875, 167.3046875, 167.3046875, 167.3046875, 167.3046875, 167.3046875, 167.3046875, 167.3046875, 167.3046875, 167.3046875, 167.3046875, 167.3046875, 167.3046875, 167.3046875, 167.3046875, 167.3046875, 167.3046875, 167.3046875, 167.3046875, 167.3046875, 167.3046875, 167.3046875, 167.3046875, 167.3046875, 167.30859375, 167.30859375, 167.30859375, 167.30859375, 167.30859375, 167.30859375, 167.30859375, 167.30859375, 167.30859375, 167.30859375, 167.30859375, 167.30859375, 167.30859375, 167.30859375, 167.30859375, 167.30859375, 167.30859375, 167.30859375, 167.30859375, 167.30859375, 167.30859375, 167.30859375, 167.30859375, 167.30859375, 167.30859375, 167.30859375, 167.30859375, 167.30859375, 167.30859375, 167.30859375, 167.30859375, 167.30859375, 167.30859375, 167.30859375, 167.30859375, 167.30859375, 167.30859375, 167.30859375, 167.30859375, 167.30859375, 167.30859375, 167.30859375, 167.30859375, 167.30859375, 167.30859375, 167.30859375, 167.30859375, 167.30859375, 167.30859375, 167.30859375, 167.30859375, 167.30859375, 167.30859375, 167.30859375, 167.30859375, 167.30859375, 167.30859375, 167.30859375, 167.30859375, 167.30859375, 167.30859375, 167.30859375, 167.30859375, 167.30859375, 167.30859375, 167.30859375, 167.30859375, 167.30859375, 167.30859375, 167.30859375, 167.30859375, 167.30859375, 167.30859375, 167.30859375, 167.30859375, 167.30859375, 167.30859375, 167.30859375, 167.30859375, 167.30859375, 167.30859375, 167.30859375, 167.30859375, 167.30859375, 167.30859375, 167.30859375, 167.30859375, 167.30859375, 167.30859375, 167.30859375, 167.30859375, 167.30859375, 167.30859375, 167.30859375, 167.30859375, 167.30859375, 167.30859375, 167.30859375, 167.30859375, 167.30859375, 167.30859375, 167.30859375, 167.30859375, 167.30859375, 167.30859375, 167.30859375, 167.30859375, 167.30859375, 167.30859375, 167.30859375, 167.30859375, 167.30859375, 167.30859375, 167.30859375, 167.30859375, 167.30859375, 167.30859375, 167.30859375, 167.30859375, 167.30859375, 167.30859375, 167.30859375, 167.30859375, 167.30859375, 167.30859375, 167.30859375, 167.30859375, 167.30859375, 167.30859375, 167.30859375, 167.30859375, 167.30859375, 167.30859375, 167.30859375, 167.30859375, 167.30859375, 167.30859375, 167.30859375, 167.30859375, 167.30859375, 167.30859375, 167.30859375, 167.30859375, 167.30859375, 167.30859375, 167.30859375, 167.30859375, 167.30859375, 167.30859375, 167.30859375, 167.30859375, 167.30859375, 167.30859375, 167.30859375, 167.30859375, 167.30859375, 167.30859375, 167.30859375, 167.30859375, 167.30859375, 167.30859375, 167.30859375, 167.30859375, 167.30859375, 167.30859375, 167.30859375, 167.30859375, 167.30859375, 167.30859375, 167.30859375, 167.30859375, 167.30859375, 167.30859375, 167.30859375, 167.30859375, 167.30859375, 167.30859375, 167.30859375, 167.30859375, 167.30859375, 167.30859375, 167.30859375, 167.30859375, 167.30859375, 167.30859375, 167.30859375, 167.30859375, 167.30859375, 167.30859375, 167.30859375, 167.30859375, 167.30859375, 167.30859375, 167.30859375, 167.30859375, 167.30859375, 167.30859375, 167.30859375, 167.30859375, 167.30859375, 167.30859375, 167.30859375, 167.30859375, 167.30859375, 167.30859375, 167.30859375, 167.30859375, 167.30859375, 167.30859375, 167.30859375, 167.30859375, 167.30859375, 167.30859375, 167.30859375, 167.30859375, 167.30859375, 167.30859375, 167.30859375, 167.30859375, 167.30859375, 167.30859375, 167.30859375, 167.30859375, 167.30859375, 167.30859375, 167.30859375, 167.30859375, 167.30859375, 167.30859375, 167.30859375, 167.30859375, 167.30859375, 167.30859375, 167.30859375, 167.30859375, 167.30859375, 167.30859375, 167.30859375, 167.30859375, 167.30859375, 167.30859375, 167.30859375, 129.6875, 129.69921875] 
Algorithm: Clu-GRAD (v1.3)
No. of (dataset) attributes: 15
No. of (dataset) tuples: 1291
Erasure probability: 0.9
Score vector iterations: 2
Minimum support: 0.5
Number of cores: 14
Number of patterns: 5
0. Date
1. Time
2. CO(GT)
3. PT08.S1(CO)
4. NMHC(GT)
5. C6H6(GT)
6. PT08.S2(NMHC)
7. NOx(GT)
8. PT08.S3(NOx)
9. NO2(GT)
10. PT08.S4(NO2)
11. PT08.S5(O3)
12. T
13. RH
14. AH

File: data/air_quality1k.csv

Pattern : Support
['3-', '5-', '6-', '8+', '10-', '11-'] : 0.708
['5+', '6+', '8-', '10+'] : 0.814
['2-', '7-', '9-'] : 0.833
['2+', '7+', '9+'] : 0.862
['3+', '11+'] : 0.863
