Run-time: 44.754942417144775 seconds
Memory Usage (MiB): [149.625, 149.62890625, 150.76171875, 150.76171875, 150.76171875, 150.76171875, 150.76171875, 150.76171875, 150.76171875, 150.76171875, 150.76171875, 150.76171875, 150.76171875, 150.76171875, 150.76171875, 150.76171875, 150.76171875, 150.76171875, 150.76171875, 150.76171875, 150.76171875, 150.76171875, 150.76171875, 150.76171875, 150.76171875, 150.76171875, 150.76171875, 150.76171875, 150.76171875, 150.76171875, 150.76171875, 150.76171875, 150.76171875, 150.76171875, 150.76171875, 150.76171875, 150.76171875, 150.76171875, 150.76171875, 150.76171875, 150.76171875, 150.76171875, 150.76171875, 150.76171875, 150.76171875, 150.76171875, 150.76171875, 150.76171875, 150.76171875, 150.76171875, 150.76171875, 150.76171875, 150.76171875, 150.76171875, 150.76171875, 150.76171875, 150.76171875, 150.76171875, 150.76171875, 150.76171875, 150.76171875, 150.76171875, 150.76171875, 150.76171875, 150.76171875, 150.76171875, 150.76171875, 150.76171875, 150.76171875, 150.76171875, 150.76171875, 150.76171875, 150.76171875, 150.76171875, 150.76171875, 150.76171875, 150.76171875, 150.76171875, 150.76171875, 150.76171875, 150.76171875, 150.76171875, 150.76171875, 150.76171875, 150.76171875, 150.76171875, 150.76171875, 150.76171875, 150.76171875, 150.76171875, 150.76171875, 150.76171875, 150.76171875, 150.76171875, 150.76171875, 150.76171875, 150.76171875, 150.80078125, 150.80078125, 151.78125, 152.8125, 153.0703125, 154.1015625, 155.1328125, 155.6484375, 156.6796875, 157.7109375, 158.2265625, 159.2578125, 160.2890625, 160.546875, 161.578125, 162.8671875, 163.125, 164.15234375, 164.65625, 194.98828125, 194.98828125, 194.98828125, 194.98828125, 194.98828125, 194.98828125, 194.98828125, 194.98828125, 194.98828125, 194.98828125, 194.98828125, 194.98828125, 194.98828125, 194.98828125, 194.98828125, 194.98828125, 194.98828125, 194.98828125, 194.98828125, 194.98828125, 194.98828125, 194.98828125, 194.98828125, 194.98828125, 194.98828125, 194.9921875, 194.9921875, 194.9921875, 194.9921875, 194.9921875, 194.9921875, 194.9921875, 194.9921875, 194.9921875, 194.9921875, 194.9921875, 194.9921875, 194.9921875, 194.9921875, 194.9921875, 194.9921875, 194.9921875, 194.9921875, 194.9921875, 194.9921875, 194.9921875, 194.9921875, 194.9921875, 194.9921875, 194.9921875, 194.9921875, 194.9921875, 194.9921875, 194.9921875, 194.9921875, 194.9921875, 194.9921875, 194.9921875, 194.9921875, 194.9921875, 194.9921875, 194.9921875, 194.9921875, 194.9921875, 194.9921875, 194.9921875, 194.9921875, 194.9921875, 194.9921875, 194.9921875, 194.9921875, 194.9921875, 194.9921875, 194.9921875, 194.9921875, 194.9921875, 194.9921875, 194.9921875, 194.9921875, 194.9921875, 194.9921875, 194.9921875, 194.9921875, 194.9921875, 194.9921875, 194.9921875, 194.9921875, 194.9921875, 194.9921875, 194.9921875, 194.9921875, 194.9921875, 194.9921875, 194.9921875, 194.9921875, 194.9921875, 194.9921875, 194.9921875, 194.99609375, 194.99609375, 194.99609375, 194.99609375, 194.99609375, 194.99609375, 194.99609375, 194.99609375, 194.99609375, 194.99609375, 194.99609375, 194.99609375, 194.99609375, 194.99609375, 194.99609375, 194.99609375, 194.99609375, 194.99609375, 194.99609375, 194.99609375, 194.99609375, 194.99609375, 194.99609375, 194.99609375, 194.99609375, 194.99609375, 194.99609375, 194.99609375, 194.99609375, 194.99609375, 194.99609375, 194.99609375, 194.99609375, 194.99609375, 194.99609375, 194.99609375, 194.99609375, 194.99609375, 194.99609375, 194.99609375, 194.99609375, 194.99609375, 194.99609375, 194.99609375, 194.99609375, 194.99609375, 194.99609375, 194.99609375, 194.99609375, 194.99609375, 194.99609375, 194.99609375, 194.99609375, 194.99609375, 194.99609375, 194.99609375, 194.99609375, 194.99609375, 194.99609375, 194.99609375, 194.99609375, 194.99609375, 194.99609375, 194.99609375, 194.99609375, 194.99609375, 194.99609375, 194.99609375, 194.99609375, 194.99609375, 194.99609375, 194.99609375, 194.99609375, 194.99609375, 194.99609375, 194.99609375, 194.99609375, 194.99609375, 194.99609375, 194.99609375, 194.99609375, 194.99609375, 194.99609375, 194.99609375, 194.99609375, 194.99609375, 194.99609375, 194.99609375, 194.99609375, 194.99609375, 194.99609375, 194.99609375, 194.99609375, 194.99609375, 194.99609375, 194.99609375, 194.99609375, 194.99609375, 194.99609375, 194.99609375, 194.99609375, 194.99609375, 194.99609375, 194.99609375, 194.99609375, 194.99609375, 194.99609375, 194.99609375, 194.99609375, 194.99609375, 194.99609375, 194.99609375, 194.99609375, 195.0, 195.0, 195.0, 195.0, 195.0, 195.0, 195.0, 195.0, 195.0, 195.0, 195.0, 195.0, 195.0, 195.0, 195.0, 195.0, 195.0, 195.0, 195.0, 195.0, 195.0, 195.0, 195.0, 195.0, 195.0, 195.0, 195.0, 195.0, 195.0, 195.0, 195.0, 195.0, 195.0, 195.0, 195.0, 195.0, 195.0, 195.0, 195.0, 195.0, 195.0, 195.0, 195.0, 195.0, 195.0, 195.0, 195.0, 195.0, 195.0, 195.0, 195.0, 195.0, 195.0, 195.0, 195.0, 195.0, 195.0, 195.0, 195.0, 195.0, 195.0, 195.0, 195.0, 195.0, 195.0, 195.0, 195.0, 195.0, 195.0, 195.0, 195.0, 195.0, 195.0, 195.0, 195.0, 195.0, 195.0, 195.0, 195.0, 195.0, 195.0, 157.390625] 
Algorithm: Clu-GRAD (v1.4)
No. of (dataset) attributes: 15
No. of (dataset) tuples: 1291
Erasure probability: 0.9
Score vector iterations: 2
Minimum support: 0.5
Number of cores: 14
Number of patterns: 6
0. Date
1. Time
2. CO(GT)
3. PT08.S1(CO)
4. NMHC(GT)
5. C6H6(GT)
6. PT08.S2(NMHC)
7. NOx(GT)
8. PT08.S3(NOx)
9. NO2(GT)
10. PT08.S4(NO2)
11. PT08.S5(O3)
12. T
13. RH
14. AH

File: data/air_quality1k.csv

Pattern : Support
['2-', '4-', '7-', '9-'] : 0.673
['3+', '11+'] : 0.863
['3-', '11-'] : 0.862
['2+', '7+', '9+'] : 0.86
['5-', '6-', '8+', '10-'] : 0.814
['5+', '6+', '8-', '10+'] : 0.816


Comparison : Estimated Support, True Support
['2-', '4-', '7-', '9-'] : 0.673, 0.676
['3+', '11+'] : 0.863, 0.872
['3-', '11-'] : 0.862, 0.872
['2+', '7+', '9+'] : 0.86, 0.828
['5-', '6-', '8+', '10-'] : 0.814, 0.821
['5+', '6+', '8-', '10+'] : 0.816, 0.821
