Run-time: 40.972036361694336 seconds
Memory Usage (MiB): [140.2421875, 140.3203125, 140.859375, 140.859375, 140.859375, 140.859375, 140.859375, 140.859375, 140.859375, 140.859375, 140.859375, 140.859375, 140.859375, 140.859375, 140.859375, 140.859375, 140.859375, 140.859375, 140.859375, 140.859375, 140.859375, 140.859375, 140.859375, 140.859375, 140.859375, 140.859375, 140.859375, 140.859375, 140.859375, 140.859375, 140.859375, 140.859375, 140.859375, 140.859375, 140.859375, 140.859375, 140.859375, 140.859375, 140.859375, 140.859375, 140.859375, 140.859375, 140.859375, 140.859375, 140.859375, 140.859375, 140.859375, 140.859375, 140.859375, 140.859375, 140.859375, 140.859375, 140.859375, 140.859375, 140.859375, 140.859375, 140.859375, 140.859375, 140.859375, 140.859375, 140.859375, 140.859375, 140.859375, 140.859375, 140.859375, 140.859375, 140.859375, 140.859375, 140.859375, 140.859375, 140.859375, 140.859375, 140.859375, 140.859375, 140.859375, 140.859375, 140.859375, 140.859375, 140.859375, 140.859375, 140.859375, 140.859375, 140.859375, 140.859375, 140.859375, 140.859375, 140.859375, 140.859375, 140.859375, 140.859375, 140.859375, 140.859375, 140.859375, 140.859375, 140.859375, 140.859375, 140.859375, 140.859375, 141.5390625, 141.796875, 142.8203125, 143.3359375, 144.328125, 145.328125, 145.84375, 146.8359375, 147.8359375, 148.3359375, 149.3203125, 150.3515625, 150.828125, 151.8203125, 152.8515625, 153.328125, 154.3203125, 172.28515625, 185.03515625, 185.03515625, 185.03515625, 185.03515625, 185.03515625, 185.03515625, 185.03515625, 185.03515625, 185.03515625, 185.03515625, 185.03515625, 185.03515625, 185.03515625, 185.03515625, 185.03515625, 185.03515625, 185.03515625, 185.03515625, 185.03515625, 185.03515625, 185.03515625, 185.03515625, 185.03515625, 185.0390625, 185.0390625, 185.0390625, 185.0390625, 185.0390625, 185.0390625, 185.0390625, 185.0390625, 185.0390625, 185.0390625, 185.0390625, 185.0390625, 185.0390625, 185.0390625, 185.0390625, 185.0390625, 185.0390625, 185.0390625, 185.0390625, 185.0390625, 185.0390625, 185.0390625, 185.0390625, 185.0390625, 185.0390625, 185.0390625, 185.0390625, 185.0390625, 185.0390625, 185.0390625, 185.0390625, 185.0390625, 185.0390625, 185.0390625, 185.0390625, 185.0390625, 185.0390625, 185.0390625, 185.0390625, 185.0390625, 185.0390625, 185.0390625, 185.0390625, 185.0390625, 185.0390625, 185.0390625, 185.0390625, 185.0390625, 185.0390625, 185.0390625, 185.0390625, 185.0390625, 185.0390625, 185.0390625, 185.0390625, 185.0390625, 185.0390625, 185.0390625, 185.0390625, 185.0390625, 185.0390625, 185.0390625, 185.0390625, 185.0390625, 185.0390625, 185.0390625, 185.0390625, 185.0390625, 185.0390625, 185.0390625, 185.0390625, 185.0390625, 185.0390625, 185.0390625, 185.0390625, 185.0390625, 185.0390625, 185.0390625, 185.0390625, 185.0390625, 185.0390625, 185.0390625, 185.0390625, 185.0390625, 185.0390625, 185.0390625, 185.0390625, 185.0390625, 185.0390625, 185.0390625, 185.0390625, 185.0390625, 185.0390625, 185.0390625, 185.0390625, 185.0390625, 185.0390625, 185.0390625, 185.0390625, 185.0390625, 185.0390625, 185.0390625, 185.0390625, 185.0390625, 185.0390625, 185.0390625, 185.0390625, 185.0390625, 185.0390625, 185.0390625, 185.0390625, 185.0390625, 185.0390625, 185.0390625, 185.0390625, 185.0390625, 185.0390625, 185.0390625, 185.0390625, 185.0390625, 185.0390625, 185.0390625, 185.0390625, 185.0390625, 185.0390625, 185.0390625, 185.0390625, 185.0390625, 185.0390625, 185.0390625, 185.0390625, 185.0390625, 185.0390625, 185.0390625, 185.0390625, 185.0390625, 185.0390625, 185.0390625, 185.0390625, 185.0390625, 185.0390625, 185.0390625, 185.0390625, 185.0390625, 185.0390625, 185.0390625, 185.0390625, 185.0390625, 185.0390625, 185.0390625, 185.0390625, 185.0390625, 185.0390625, 185.0390625, 185.0390625, 185.0390625, 185.0390625, 185.0390625, 185.0390625, 185.0390625, 185.0390625, 185.0390625, 185.0390625, 185.0390625, 185.0390625, 185.0390625, 185.0390625, 185.0390625, 185.0390625, 185.0390625, 185.0390625, 185.0390625, 185.0390625, 185.0390625, 185.0390625, 185.0390625, 185.0390625, 185.0390625, 185.0390625, 185.0390625, 185.0390625, 185.0390625, 185.0390625, 185.0390625, 185.0390625, 185.0390625, 185.0390625, 185.0390625, 185.0390625, 185.0390625, 185.0390625, 185.0390625, 185.0390625, 185.0390625, 185.0390625, 185.0390625, 185.0390625, 185.0390625, 185.0390625, 185.0390625, 185.0390625, 185.0390625, 185.0390625, 185.0390625, 185.0390625, 185.0390625, 185.0390625, 185.0390625, 185.0390625, 185.0390625, 185.0390625, 185.0390625, 185.0390625, 185.0390625, 185.0390625, 185.0390625, 185.0390625, 185.0390625, 185.0390625, 185.0390625, 185.0390625, 185.0390625, 185.0390625, 185.0390625, 185.0390625, 185.0390625, 185.0390625, 185.0390625, 185.0390625, 185.0390625, 185.0390625, 185.0390625, 185.0390625, 185.0390625, 185.0390625, 185.0390625, 185.0390625, 185.0390625, 185.0390625, 185.0390625, 185.0390625, 185.0390625, 185.0390625, 185.0390625, 185.0390625, 185.0390625, 185.0390625, 185.0390625, 185.0390625, 185.0390625, 185.0390625, 185.0390625, 185.0390625, 185.0390625, 185.0390625, 185.0390625, 185.0390625, 185.0390625, 185.0390625, 185.0390625, 185.0390625, 185.0390625, 185.0390625, 185.0390625, 185.0390625, 185.0390625, 185.0390625, 185.0390625, 185.0390625, 185.0390625, 147.43359375] 
Algorithm: Clu-GRAD (v1.3)
No. of (dataset) attributes: 15
No. of (dataset) tuples: 1291
Erasure probability: 0.9
Score vector iterations: 2
Minimum support: 0.5
Number of cores: 14
Number of patterns: 5
0. Date
1. Time
2. CO(GT)
3. PT08.S1(CO)
4. NMHC(GT)
5. C6H6(GT)
6. PT08.S2(NMHC)
7. NOx(GT)
8. PT08.S3(NOx)
9. NO2(GT)
10. PT08.S4(NO2)
11. PT08.S5(O3)
12. T
13. RH
14. AH

File: data/air_quality1k.csv

Pattern : Support
['3-', '5-', '6-', '8+', '10-', '11-'] : 0.706
['5+', '6+', '8-', '10+'] : 0.814
['2-', '7-', '9-'] : 0.83
['2+', '7+', '9+'] : 0.858
['3+', '11+'] : 0.863
