Run-time: 40.52507829666138 seconds
Memory Usage (MiB): [126.19921875, 126.41796875, 126.953125, 126.953125, 126.953125, 126.953125, 126.953125, 126.953125, 126.953125, 126.953125, 126.953125, 126.953125, 126.953125, 126.953125, 126.953125, 126.953125, 126.953125, 126.953125, 126.953125, 126.953125, 126.953125, 126.953125, 126.953125, 126.953125, 126.953125, 126.953125, 126.953125, 126.953125, 126.953125, 126.953125, 126.953125, 126.953125, 126.953125, 126.953125, 126.953125, 126.953125, 126.953125, 126.953125, 126.953125, 126.953125, 126.953125, 126.953125, 126.953125, 126.953125, 126.953125, 126.953125, 126.953125, 126.953125, 126.953125, 126.953125, 126.953125, 126.953125, 126.953125, 126.953125, 126.953125, 126.953125, 126.953125, 126.953125, 126.953125, 126.953125, 126.953125, 126.953125, 126.953125, 126.953125, 126.953125, 126.953125, 126.953125, 126.953125, 126.953125, 126.953125, 126.953125, 126.953125, 126.953125, 126.953125, 126.953125, 126.953125, 126.953125, 126.953125, 126.953125, 126.953125, 126.953125, 126.953125, 126.953125, 126.953125, 126.953125, 126.953125, 126.953125, 126.953125, 126.953125, 126.953125, 126.953125, 126.953125, 126.953125, 126.953125, 126.953125, 126.953125, 126.953125, 126.953125, 127.48046875, 127.99609375, 129.02734375, 130.05859375, 130.57421875, 131.60546875, 132.63671875, 132.89453125, 133.92578125, 134.44140625, 135.47265625, 136.50390625, 137.01953125, 138.05078125, 139.08203125, 139.33984375, 140.37109375, 158.34765625, 171.13671875, 171.13671875, 171.13671875, 171.13671875, 171.13671875, 171.13671875, 171.13671875, 171.13671875, 171.13671875, 171.13671875, 171.13671875, 171.13671875, 171.13671875, 171.13671875, 171.13671875, 171.13671875, 171.13671875, 171.13671875, 171.13671875, 171.13671875, 171.13671875, 171.13671875, 171.13671875, 171.13671875, 171.13671875, 171.13671875, 171.13671875, 171.13671875, 171.13671875, 171.13671875, 171.13671875, 171.13671875, 171.13671875, 171.13671875, 171.13671875, 171.13671875, 171.13671875, 171.13671875, 171.13671875, 171.13671875, 171.13671875, 171.13671875, 171.13671875, 171.13671875, 171.13671875, 171.13671875, 171.13671875, 171.13671875, 171.13671875, 171.13671875, 171.13671875, 171.13671875, 171.13671875, 171.13671875, 171.13671875, 171.13671875, 171.13671875, 171.13671875, 171.13671875, 171.13671875, 171.13671875, 171.13671875, 171.13671875, 171.13671875, 171.13671875, 171.13671875, 171.13671875, 171.13671875, 171.13671875, 171.13671875, 171.13671875, 171.13671875, 171.13671875, 171.13671875, 171.13671875, 171.13671875, 171.13671875, 171.13671875, 171.13671875, 171.13671875, 171.13671875, 171.140625, 171.140625, 171.140625, 171.140625, 171.140625, 171.140625, 171.140625, 171.140625, 171.140625, 171.140625, 171.140625, 171.140625, 171.140625, 171.140625, 171.140625, 171.140625, 171.14453125, 171.14453125, 171.14453125, 171.14453125, 171.14453125, 171.14453125, 171.14453125, 171.14453125, 171.14453125, 171.14453125, 171.14453125, 171.14453125, 171.14453125, 171.14453125, 171.14453125, 171.14453125, 171.14453125, 171.14453125, 171.14453125, 171.14453125, 171.14453125, 171.14453125, 171.14453125, 171.14453125, 171.14453125, 171.14453125, 171.14453125, 171.14453125, 171.14453125, 171.14453125, 171.14453125, 171.14453125, 171.14453125, 171.14453125, 171.14453125, 171.14453125, 171.14453125, 171.14453125, 171.14453125, 171.14453125, 171.14453125, 171.14453125, 171.14453125, 171.14453125, 171.14453125, 171.14453125, 171.14453125, 171.14453125, 171.14453125, 171.14453125, 171.14453125, 171.14453125, 171.14453125, 171.14453125, 171.14453125, 171.14453125, 171.14453125, 171.14453125, 171.14453125, 171.14453125, 171.14453125, 171.14453125, 171.14453125, 171.14453125, 171.14453125, 171.14453125, 171.14453125, 171.14453125, 171.14453125, 171.14453125, 171.14453125, 171.14453125, 171.14453125, 171.14453125, 171.14453125, 171.14453125, 171.14453125, 171.14453125, 171.14453125, 171.14453125, 171.14453125, 171.14453125, 171.14453125, 171.14453125, 171.14453125, 171.14453125, 171.14453125, 171.14453125, 171.14453125, 171.14453125, 171.14453125, 171.14453125, 171.14453125, 171.14453125, 171.14453125, 171.14453125, 171.14453125, 171.14453125, 171.14453125, 171.14453125, 171.14453125, 171.14453125, 171.14453125, 171.14453125, 171.14453125, 171.14453125, 171.14453125, 171.14453125, 171.14453125, 171.14453125, 171.14453125, 171.14453125, 171.14453125, 171.14453125, 171.14453125, 171.14453125, 171.14453125, 171.14453125, 171.14453125, 171.14453125, 171.14453125, 171.14453125, 171.14453125, 171.14453125, 171.14453125, 171.14453125, 171.14453125, 171.14453125, 171.14453125, 171.14453125, 171.14453125, 171.14453125, 171.14453125, 171.14453125, 171.14453125, 171.14453125, 171.14453125, 171.14453125, 171.14453125, 171.14453125, 171.14453125, 171.14453125, 171.14453125, 171.14453125, 171.14453125, 171.14453125, 171.14453125, 171.14453125, 171.14453125, 171.14453125, 171.14453125, 171.14453125, 171.14453125, 171.14453125, 171.14453125, 171.14453125, 171.14453125, 171.14453125, 171.14453125, 171.14453125, 171.14453125, 171.14453125, 171.14453125, 171.14453125, 171.14453125, 171.14453125, 171.14453125, 171.14453125, 171.14453125, 171.14453125, 171.14453125, 171.14453125, 171.14453125, 171.14453125, 171.14453125, 171.14453125, 171.14453125, 171.14453125, 171.14453125, 171.14453125, 171.14453125, 171.14453125, 171.14453125, 171.14453125, 171.14453125, 171.14453125, 171.14453125, 171.14453125, 171.14453125, 133.53515625] 
Algorithm: Clu-GRAD (v1.4)
No. of (dataset) attributes: 15
No. of (dataset) tuples: 1291
Erasure probability: 0.9
Score vector iterations: 2
Minimum support: 0.5
Number of cores: 14
Number of patterns: 5
0. Date
1. Time
2. CO(GT)
3. PT08.S1(CO)
4. NMHC(GT)
5. C6H6(GT)
6. PT08.S2(NMHC)
7. NOx(GT)
8. PT08.S3(NOx)
9. NO2(GT)
10. PT08.S4(NO2)
11. PT08.S5(O3)
12. T
13. RH
14. AH

File: data/air_quality1k.csv

Pattern : Support
['3-', '5-', '6-', '8+', '10-', '11-'] : 0.706
['5+', '6+', '8-', '10+'] : 0.814
['2-', '7-', '9-'] : 0.831
['2+', '7+', '9+'] : 0.858
['3+', '11+'] : 0.863


Comparison : Estimated Support, True Support
['3-', '5-', '6-', '8+', '10-', '11-'] : 0.706, 0.714
['5+', '6+', '8-', '10+'] : 0.814, 0.821
['2-', '7-', '9-'] : 0.831, 0.828
['2+', '7+', '9+'] : 0.858, 0.828
['3+', '11+'] : 0.863, 0.872
