Run-time: 40.127504110336304 seconds
Memory Usage (MiB): [142.234375, 142.2890625, 142.8203125, 142.8203125, 142.8203125, 142.8203125, 142.8203125, 142.8203125, 142.8203125, 142.8203125, 142.8203125, 142.8203125, 142.8203125, 142.8203125, 142.8203125, 142.8203125, 142.8203125, 142.8203125, 142.8203125, 142.8203125, 142.8203125, 142.8203125, 142.8203125, 142.8203125, 142.8203125, 142.8203125, 142.8203125, 142.8203125, 142.8203125, 142.8203125, 142.8203125, 142.8203125, 142.8203125, 142.8203125, 142.8203125, 142.8203125, 142.8203125, 142.8203125, 142.8203125, 142.8203125, 142.8203125, 142.8203125, 142.8203125, 142.8203125, 142.8203125, 142.8203125, 142.8203125, 142.8203125, 142.8203125, 142.8203125, 142.8203125, 142.8203125, 142.8203125, 142.8203125, 142.8203125, 142.8203125, 142.8203125, 142.8203125, 142.8203125, 142.8203125, 142.8203125, 142.8203125, 142.8203125, 142.8203125, 142.8203125, 142.8203125, 142.8203125, 142.8203125, 142.8203125, 142.8203125, 142.8203125, 142.8203125, 142.8203125, 142.8203125, 142.8203125, 142.8203125, 142.8203125, 142.8203125, 142.8203125, 142.8203125, 142.8203125, 142.8203125, 142.8203125, 142.8203125, 142.8203125, 142.8203125, 142.8203125, 142.8203125, 142.8203125, 142.8203125, 142.8203125, 142.8203125, 142.8203125, 142.8203125, 142.8203125, 142.8203125, 142.8203125, 142.8203125, 142.8203125, 143.62890625, 144.65234375, 145.16796875, 146.16015625, 147.19140625, 147.69140625, 148.72265625, 149.75, 150.21484375, 151.19921875, 152.44921875, 152.70703125, 153.69921875, 154.21484375, 155.20703125, 156.19921875, 156.6953125, 187.01171875, 187.01171875, 187.015625, 187.015625, 187.015625, 187.015625, 187.015625, 187.015625, 187.015625, 187.015625, 187.015625, 187.015625, 187.015625, 187.015625, 187.015625, 187.015625, 187.015625, 187.015625, 187.015625, 187.015625, 187.015625, 187.015625, 187.015625, 187.015625, 187.015625, 187.015625, 187.015625, 187.015625, 187.015625, 187.015625, 187.015625, 187.015625, 187.015625, 187.015625, 187.015625, 187.015625, 187.015625, 187.015625, 187.015625, 187.015625, 187.015625, 187.015625, 187.015625, 187.015625, 187.015625, 187.015625, 187.015625, 187.015625, 187.015625, 187.015625, 187.015625, 187.015625, 187.015625, 187.015625, 187.015625, 187.015625, 187.015625, 187.015625, 187.015625, 187.015625, 187.015625, 187.015625, 187.015625, 187.015625, 187.015625, 187.015625, 187.015625, 187.015625, 187.015625, 187.015625, 187.015625, 187.015625, 187.015625, 187.015625, 187.015625, 187.015625, 187.015625, 187.015625, 187.015625, 187.015625, 187.015625, 187.015625, 187.015625, 187.015625, 187.015625, 187.015625, 187.015625, 187.015625, 187.015625, 187.015625, 187.015625, 187.015625, 187.015625, 187.015625, 187.015625, 187.015625, 187.015625, 187.015625, 187.015625, 187.015625, 187.015625, 187.015625, 187.015625, 187.015625, 187.015625, 187.015625, 187.015625, 187.015625, 187.015625, 187.015625, 187.015625, 187.015625, 187.015625, 187.015625, 187.015625, 187.015625, 187.015625, 187.015625, 187.015625, 187.015625, 187.015625, 187.015625, 187.015625, 187.015625, 187.015625, 187.015625, 187.015625, 187.015625, 187.015625, 187.015625, 187.015625, 187.015625, 187.015625, 187.015625, 187.015625, 187.015625, 187.015625, 187.015625, 187.015625, 187.015625, 187.015625, 187.015625, 187.015625, 187.015625, 187.015625, 187.015625, 187.015625, 187.015625, 187.015625, 187.015625, 187.015625, 187.015625, 187.015625, 187.015625, 187.015625, 187.015625, 187.015625, 187.015625, 187.015625, 187.015625, 187.015625, 187.015625, 187.015625, 187.015625, 187.015625, 187.015625, 187.015625, 187.015625, 187.015625, 187.015625, 187.015625, 187.015625, 187.015625, 187.015625, 187.015625, 187.015625, 187.015625, 187.015625, 187.015625, 187.015625, 187.015625, 187.015625, 187.015625, 187.015625, 187.015625, 187.015625, 187.015625, 187.015625, 187.015625, 187.015625, 187.015625, 187.015625, 187.015625, 187.015625, 187.015625, 187.015625, 187.015625, 187.015625, 187.015625, 187.015625, 187.015625, 187.015625, 187.015625, 187.015625, 187.015625, 187.015625, 187.015625, 187.015625, 187.015625, 187.015625, 187.015625, 187.015625, 187.015625, 187.015625, 187.015625, 187.015625, 187.015625, 187.015625, 187.015625, 187.015625, 187.015625, 187.015625, 187.015625, 187.015625, 187.015625, 187.015625, 187.015625, 187.015625, 187.015625, 187.015625, 187.015625, 187.015625, 187.015625, 187.015625, 187.015625, 187.015625, 187.015625, 187.015625, 187.015625, 187.015625, 187.015625, 187.015625, 187.015625, 187.015625, 187.015625, 187.015625, 187.015625, 187.015625, 187.015625, 187.015625, 187.015625, 187.015625, 187.015625, 187.015625, 187.015625, 187.015625, 187.015625, 187.015625, 187.015625, 187.015625, 187.015625, 187.015625, 187.015625, 187.015625, 187.015625, 187.015625, 187.015625, 187.015625, 187.015625, 187.015625, 187.015625, 187.015625, 187.015625, 187.015625, 187.015625, 187.015625, 187.015625, 187.015625, 187.015625, 187.015625, 187.015625, 187.015625, 187.015625, 187.015625, 187.015625, 187.015625, 149.40234375] 
Algorithm: Clu-GRAD (v1.3)
No. of (dataset) attributes: 15
No. of (dataset) tuples: 1291
Erasure probability: 0.9
Score vector iterations: 2
Minimum support: 0.5
Number of cores: 14
Number of patterns: 5
0. Date
1. Time
2. CO(GT)
3. PT08.S1(CO)
4. NMHC(GT)
5. C6H6(GT)
6. PT08.S2(NMHC)
7. NOx(GT)
8. PT08.S3(NOx)
9. NO2(GT)
10. PT08.S4(NO2)
11. PT08.S5(O3)
12. T
13. RH
14. AH

File: data/air_quality1k.csv

Pattern : Support
['3-', '5-', '6-', '8+', '10-', '11-'] : 0.708
['5+', '6+', '8-', '10+'] : 0.812
['2-', '7-', '9-'] : 0.832
['2+', '7+', '9+'] : 0.858
['3+', '11+'] : 0.862
