Run-time: 40.16449475288391 seconds
Memory Usage (MiB): [144.24609375, 144.30859375, 144.84375, 144.84375, 144.84375, 144.84375, 144.84375, 144.84375, 144.84375, 144.84375, 144.84375, 144.84375, 144.84375, 144.84375, 144.84375, 144.84375, 144.84375, 144.84375, 144.84375, 144.84375, 144.84375, 144.84375, 144.84375, 144.84375, 144.84375, 144.84375, 144.84375, 144.84375, 144.84375, 144.84375, 144.84375, 144.84375, 144.84375, 144.84375, 144.84375, 144.84375, 144.84375, 144.84375, 144.84375, 144.84375, 144.84375, 144.84375, 144.84375, 144.84375, 144.84375, 144.84375, 144.84375, 144.84375, 144.84375, 144.84375, 144.84375, 144.84375, 144.84375, 144.84375, 144.84375, 144.84375, 144.84375, 144.84375, 144.84375, 144.84375, 144.84375, 144.84375, 144.84375, 144.84375, 144.84375, 144.84375, 144.84375, 144.84375, 144.84375, 144.84375, 144.84375, 144.84375, 144.84375, 144.84375, 144.84375, 144.84375, 144.84375, 144.84375, 144.84375, 144.84375, 144.84375, 144.84375, 144.84375, 144.84375, 144.84375, 144.84375, 144.84375, 144.84375, 144.84375, 144.84375, 144.84375, 144.84375, 144.84375, 144.84375, 144.84375, 144.84375, 144.84375, 144.84375, 144.84375, 145.88671875, 146.91796875, 147.17578125, 148.20703125, 149.23828125, 149.75390625, 150.78515625, 151.81640625, 152.07421875, 153.36328125, 154.39453125, 154.65234375, 155.68359375, 156.97265625, 157.23046875, 158.26171875, 158.77734375, 189.02734375, 189.02734375, 189.02734375, 189.02734375, 189.02734375, 189.02734375, 189.02734375, 189.02734375, 189.02734375, 189.02734375, 189.02734375, 189.02734375, 189.02734375, 189.02734375, 189.02734375, 189.02734375, 189.02734375, 189.02734375, 189.02734375, 189.02734375, 189.02734375, 189.02734375, 189.02734375, 189.02734375, 189.02734375, 189.02734375, 189.02734375, 189.02734375, 189.02734375, 189.02734375, 189.02734375, 189.02734375, 189.02734375, 189.02734375, 189.02734375, 189.02734375, 189.02734375, 189.02734375, 189.02734375, 189.02734375, 189.02734375, 189.02734375, 189.02734375, 189.02734375, 189.02734375, 189.02734375, 189.02734375, 189.02734375, 189.02734375, 189.02734375, 189.02734375, 189.02734375, 189.02734375, 189.02734375, 189.02734375, 189.02734375, 189.02734375, 189.02734375, 189.02734375, 189.02734375, 189.02734375, 189.02734375, 189.02734375, 189.02734375, 189.02734375, 189.02734375, 189.02734375, 189.02734375, 189.02734375, 189.02734375, 189.02734375, 189.02734375, 189.02734375, 189.02734375, 189.02734375, 189.02734375, 189.02734375, 189.02734375, 189.02734375, 189.02734375, 189.02734375, 189.02734375, 189.02734375, 189.02734375, 189.02734375, 189.02734375, 189.02734375, 189.02734375, 189.02734375, 189.02734375, 189.02734375, 189.02734375, 189.02734375, 189.02734375, 189.03125, 189.03125, 189.03515625, 189.03515625, 189.03515625, 189.03515625, 189.03515625, 189.03515625, 189.03515625, 189.03515625, 189.03515625, 189.03515625, 189.03515625, 189.03515625, 189.03515625, 189.03515625, 189.03515625, 189.03515625, 189.03515625, 189.03515625, 189.03515625, 189.03515625, 189.03515625, 189.03515625, 189.03515625, 189.03515625, 189.03515625, 189.03515625, 189.03515625, 189.03515625, 189.03515625, 189.03515625, 189.03515625, 189.03515625, 189.03515625, 189.03515625, 189.03515625, 189.03515625, 189.03515625, 189.03515625, 189.03515625, 189.03515625, 189.03515625, 189.03515625, 189.03515625, 189.03515625, 189.03515625, 189.03515625, 189.03515625, 189.03515625, 189.03515625, 189.03515625, 189.03515625, 189.03515625, 189.03515625, 189.03515625, 189.03515625, 189.03515625, 189.03515625, 189.03515625, 189.03515625, 189.03515625, 189.03515625, 189.03515625, 189.03515625, 189.03515625, 189.03515625, 189.03515625, 189.03515625, 189.03515625, 189.03515625, 189.03515625, 189.03515625, 189.03515625, 189.03515625, 189.03515625, 189.03515625, 189.03515625, 189.03515625, 189.03515625, 189.03515625, 189.03515625, 189.03515625, 189.03515625, 189.03515625, 189.03515625, 189.03515625, 189.03515625, 189.03515625, 189.03515625, 189.03515625, 189.03515625, 189.03515625, 189.03515625, 189.03515625, 189.03515625, 189.03515625, 189.03515625, 189.03515625, 189.03515625, 189.03515625, 189.03515625, 189.03515625, 189.03515625, 189.03515625, 189.03515625, 189.03515625, 189.03515625, 189.03515625, 189.03515625, 189.03515625, 189.03515625, 189.03515625, 189.0625, 189.0625, 189.0625, 189.0625, 189.0625, 189.0625, 189.0625, 189.0625, 189.0625, 189.0625, 189.0625, 189.0625, 189.0625, 189.0625, 189.0625, 189.0625, 189.0625, 189.0625, 189.0625, 189.0625, 189.0625, 189.0625, 189.0625, 189.0625, 189.0625, 189.0625, 189.0625, 189.0625, 189.0625, 189.0625, 189.0625, 189.0625, 189.0625, 189.0625, 189.0625, 189.0625, 189.0625, 189.0625, 189.0625, 189.0625, 189.0625, 189.0625, 189.0625, 189.0625, 189.0625, 189.0625, 189.0625, 189.06640625, 189.06640625, 189.06640625, 189.06640625, 189.06640625, 189.06640625, 189.06640625, 189.06640625, 189.06640625, 189.06640625, 189.06640625, 189.06640625, 189.06640625, 189.06640625, 189.06640625, 189.06640625, 189.06640625, 189.06640625, 189.06640625, 189.06640625, 189.06640625, 189.06640625, 189.06640625, 189.06640625, 189.06640625, 189.06640625, 189.06640625, 189.06640625, 189.06640625, 189.06640625, 189.06640625, 189.06640625, 151.4609375] 
Algorithm: Clu-GRAD (v1.4)
No. of (dataset) attributes: 15
No. of (dataset) tuples: 1291
Erasure probability: 0.9
Score vector iterations: 2
Minimum support: 0.5
Number of cores: 14
Number of patterns: 5
0. Date
1. Time
2. CO(GT)
3. PT08.S1(CO)
4. NMHC(GT)
5. C6H6(GT)
6. PT08.S2(NMHC)
7. NOx(GT)
8. PT08.S3(NOx)
9. NO2(GT)
10. PT08.S4(NO2)
11. PT08.S5(O3)
12. T
13. RH
14. AH

File: data/air_quality1k.csv

Pattern : Support
['3-', '5-', '6-', '8+', '10-', '11-'] : 0.707
['5+', '6+', '8-', '10+'] : 0.814
['2-', '7-', '9-'] : 0.831
['2+', '7+', '9+'] : 0.86
['3+', '11+'] : 0.864


Comparison : Estimated Support, True Support
['3-', '5-', '6-', '8+', '10-', '11-'] : 0.707, 0.714
['5+', '6+', '8-', '10+'] : 0.814, 0.821
['2-', '7-', '9-'] : 0.831, 0.828
['2+', '7+', '9+'] : 0.86, 0.828
['3+', '11+'] : 0.864, 0.872
