Run-time: 39.921630859375 seconds
Memory Usage (MiB): [142.87109375, 142.94921875, 143.46484375, 143.46484375, 143.46484375, 143.46484375, 143.46484375, 143.46484375, 143.46484375, 143.46484375, 143.46484375, 143.46484375, 143.46484375, 143.46484375, 143.46484375, 143.46484375, 143.46484375, 143.46484375, 143.46484375, 143.46484375, 143.46484375, 143.46484375, 143.46484375, 143.46484375, 143.46484375, 143.46484375, 143.46484375, 143.46484375, 143.46484375, 143.46484375, 143.46484375, 143.46484375, 143.46484375, 143.46484375, 143.46484375, 143.46484375, 143.46484375, 143.46484375, 143.46484375, 143.46484375, 143.46484375, 143.46484375, 143.46484375, 143.46484375, 143.46484375, 143.46484375, 143.46484375, 143.46484375, 143.46484375, 143.46484375, 143.46484375, 143.46484375, 143.46484375, 143.46484375, 143.46484375, 143.46484375, 143.46484375, 143.46484375, 143.46484375, 143.46484375, 143.46484375, 143.46484375, 143.46484375, 143.46484375, 143.46484375, 143.46484375, 143.46484375, 143.46484375, 143.46484375, 143.46484375, 143.46484375, 143.46484375, 143.46484375, 143.46484375, 143.46484375, 143.46484375, 143.46484375, 143.46484375, 143.46484375, 143.46484375, 143.46484375, 143.46484375, 143.46484375, 143.46484375, 143.46484375, 143.46484375, 143.46484375, 143.46484375, 143.46484375, 143.46484375, 143.46484375, 143.46484375, 143.46484375, 143.46484375, 143.46484375, 143.46484375, 143.46484375, 143.46484375, 143.46484375, 144.328125, 145.33984375, 145.8359375, 146.81640625, 148.0234375, 148.28125, 149.265625, 150.484375, 150.7421875, 151.72265625, 152.23828125, 153.21484375, 154.24609375, 154.72265625, 155.7109375, 156.73828125, 157.21484375, 187.65234375, 187.65234375, 187.65234375, 187.65234375, 187.65234375, 187.65234375, 187.65234375, 187.65234375, 187.65234375, 187.65234375, 187.65234375, 187.65234375, 187.65234375, 187.65234375, 187.65234375, 187.65234375, 187.65234375, 187.65234375, 187.65234375, 187.65234375, 187.65234375, 187.65234375, 187.65234375, 187.65234375, 187.65234375, 187.65234375, 187.65234375, 187.65234375, 187.65234375, 187.65234375, 187.65234375, 187.65234375, 187.65234375, 187.65234375, 187.65234375, 187.65234375, 187.65234375, 187.65234375, 187.65234375, 187.65234375, 187.65234375, 187.65234375, 187.65234375, 187.65234375, 187.65234375, 187.65234375, 187.65234375, 187.65234375, 187.65234375, 187.65234375, 187.65234375, 187.65234375, 187.65234375, 187.65234375, 187.65234375, 187.65234375, 187.65234375, 187.65234375, 187.65234375, 187.65234375, 187.65234375, 187.65234375, 187.65234375, 187.65234375, 187.65234375, 187.65234375, 187.65234375, 187.65234375, 187.65234375, 187.65234375, 187.65234375, 187.65234375, 187.65234375, 187.65234375, 187.65234375, 187.65234375, 187.65234375, 187.65234375, 187.65234375, 187.65234375, 187.65234375, 187.65234375, 187.65234375, 187.65234375, 187.65234375, 187.65234375, 187.65234375, 187.65234375, 187.65234375, 187.65234375, 187.65234375, 187.65234375, 187.65234375, 187.65234375, 187.65234375, 187.65625, 187.65625, 187.65625, 187.65625, 187.65625, 187.65625, 187.65625, 187.65625, 187.65625, 187.65625, 187.65625, 187.65625, 187.65625, 187.65625, 187.65625, 187.65625, 187.65625, 187.65625, 187.65625, 187.65625, 187.65625, 187.65625, 187.65625, 187.65625, 187.65625, 187.65625, 187.65625, 187.65625, 187.65625, 187.65625, 187.65625, 187.65625, 187.65625, 187.65625, 187.65625, 187.65625, 187.65625, 187.65625, 187.65625, 187.65625, 187.65625, 187.65625, 187.65625, 187.65625, 187.65625, 187.65625, 187.65625, 187.65625, 187.65625, 187.65625, 187.65625, 187.65625, 187.65625, 187.65625, 187.65625, 187.65625, 187.65625, 187.65625, 187.65625, 187.65625, 187.65625, 187.65625, 187.65625, 187.65625, 187.65625, 187.65625, 187.65625, 187.65625, 187.65625, 187.65625, 187.65625, 187.65625, 187.65625, 187.65625, 187.65625, 187.65625, 187.65625, 187.65625, 187.65625, 187.65625, 187.65625, 187.65625, 187.65625, 187.65625, 187.65625, 187.65625, 187.65625, 187.65625, 187.65625, 187.65625, 187.65625, 187.65625, 187.65625, 187.65625, 187.65625, 187.65625, 187.65625, 187.65625, 187.65625, 187.65625, 187.65625, 187.65625, 187.65625, 187.65625, 187.65625, 187.65625, 187.65625, 187.65625, 187.65625, 187.65625, 187.65625, 187.65625, 187.65625, 187.65625, 187.65625, 187.65625, 187.65625, 187.65625, 187.65625, 187.65625, 187.65625, 187.65625, 187.65625, 187.65625, 187.65625, 187.65625, 187.65625, 187.65625, 187.65625, 187.65625, 187.65625, 187.65625, 187.65625, 187.65625, 187.65625, 187.65625, 187.65625, 187.65625, 187.65625, 187.65625, 187.65625, 187.65625, 187.65625, 187.65625, 187.65625, 187.65625, 187.65625, 187.65625, 187.65625, 187.65625, 187.65625, 187.65625, 187.65625, 187.65625, 187.65625, 187.65625, 187.65625, 187.65625, 187.65625, 187.65625, 187.65625, 187.65625, 187.65625, 187.65625, 187.65625, 187.65625, 187.65625, 187.65625, 187.65625, 187.65625, 187.65625, 187.65625, 187.65625, 187.65625, 187.65625, 187.65625, 187.65625, 187.65625, 187.65625, 187.65625, 187.65625, 187.65625, 187.65625, 187.65625, 187.65625, 187.65625, 187.65625, 187.65625, 150.04296875] 
Algorithm: Clu-GRAD (v1.3)
No. of (dataset) attributes: 15
No. of (dataset) tuples: 1291
Erasure probability: 0.9
Score vector iterations: 2
Minimum support: 0.5
Number of cores: 14
Number of patterns: 5
0. Date
1. Time
2. CO(GT)
3. PT08.S1(CO)
4. NMHC(GT)
5. C6H6(GT)
6. PT08.S2(NMHC)
7. NOx(GT)
8. PT08.S3(NOx)
9. NO2(GT)
10. PT08.S4(NO2)
11. PT08.S5(O3)
12. T
13. RH
14. AH

File: data/air_quality1k.csv

Pattern : Support
['3-', '5-', '6-', '8+', '10-', '11-'] : 0.701
['5+', '6+', '8-', '10+'] : 0.812
['2-', '7-', '9-'] : 0.829
['2+', '7+', '9+'] : 0.86
['3+', '11+'] : 0.862
