Run-time: 40.31330895423889 seconds
Memory Usage (MiB): [120.19921875, 120.5390625, 121.07421875, 121.07421875, 121.07421875, 121.07421875, 121.07421875, 121.07421875, 121.07421875, 121.07421875, 121.07421875, 121.07421875, 121.07421875, 121.07421875, 121.07421875, 121.07421875, 121.07421875, 121.07421875, 121.07421875, 121.07421875, 121.07421875, 121.07421875, 121.07421875, 121.07421875, 121.07421875, 121.07421875, 121.07421875, 121.07421875, 121.07421875, 121.07421875, 121.07421875, 121.07421875, 121.07421875, 121.07421875, 121.07421875, 121.07421875, 121.07421875, 121.07421875, 121.07421875, 121.07421875, 121.07421875, 121.07421875, 121.07421875, 121.07421875, 121.07421875, 121.07421875, 121.07421875, 121.07421875, 121.07421875, 121.07421875, 121.07421875, 121.07421875, 121.07421875, 121.07421875, 121.07421875, 121.07421875, 121.07421875, 121.07421875, 121.07421875, 121.07421875, 121.07421875, 121.07421875, 121.07421875, 121.07421875, 121.07421875, 121.07421875, 121.07421875, 121.07421875, 121.07421875, 121.07421875, 121.07421875, 121.07421875, 121.07421875, 121.07421875, 121.07421875, 121.07421875, 121.07421875, 121.07421875, 121.07421875, 121.07421875, 121.07421875, 121.07421875, 121.07421875, 121.07421875, 121.07421875, 121.07421875, 121.07421875, 121.07421875, 121.07421875, 121.07421875, 121.07421875, 121.07421875, 121.07421875, 121.07421875, 121.07421875, 121.07421875, 121.07421875, 121.07421875, 121.07421875, 121.82421875, 123.0703125, 123.328125, 124.54296875, 125.51953125, 125.7734375, 127.015625, 128.04296875, 128.25390625, 129.5, 129.7578125, 130.75, 131.98828125, 132.24609375, 133.234375, 134.45703125, 134.71484375, 165.2578125, 165.2578125, 165.2578125, 165.26171875, 165.26171875, 165.26171875, 165.26171875, 165.26171875, 165.26171875, 165.26171875, 165.26171875, 165.26171875, 165.26171875, 165.26171875, 165.26171875, 165.26171875, 165.26171875, 165.26171875, 165.26171875, 165.26171875, 165.26171875, 165.26171875, 165.26171875, 165.26171875, 165.26171875, 165.26171875, 165.26171875, 165.26171875, 165.26171875, 165.26171875, 165.26171875, 165.26171875, 165.26171875, 165.26171875, 165.26171875, 165.26171875, 165.26171875, 165.26171875, 165.26171875, 165.26171875, 165.26171875, 165.26171875, 165.26171875, 165.26171875, 165.26171875, 165.26171875, 165.26171875, 165.26171875, 165.26171875, 165.26171875, 165.26171875, 165.26171875, 165.26171875, 165.26171875, 165.26171875, 165.26171875, 165.26171875, 165.26171875, 165.26171875, 165.26171875, 165.26171875, 165.26171875, 165.26171875, 165.26171875, 165.26171875, 165.26171875, 165.26171875, 165.26171875, 165.26171875, 165.26171875, 165.26171875, 165.26171875, 165.26171875, 165.26171875, 165.26171875, 165.26171875, 165.26171875, 165.26171875, 165.26171875, 165.26171875, 165.26171875, 165.26171875, 165.26171875, 165.26171875, 165.26171875, 165.26171875, 165.26171875, 165.26171875, 165.26171875, 165.26171875, 165.26171875, 165.26171875, 165.26171875, 165.26171875, 165.26171875, 165.26171875, 165.26171875, 165.265625, 165.265625, 165.265625, 165.265625, 165.265625, 165.265625, 165.265625, 165.265625, 165.265625, 165.265625, 165.265625, 165.265625, 165.265625, 165.265625, 165.265625, 165.265625, 165.265625, 165.265625, 165.265625, 165.265625, 165.265625, 165.265625, 165.265625, 165.265625, 165.265625, 165.265625, 165.265625, 165.265625, 165.265625, 165.265625, 165.265625, 165.265625, 165.265625, 165.265625, 165.265625, 165.265625, 165.265625, 165.265625, 165.265625, 165.265625, 165.265625, 165.265625, 165.265625, 165.265625, 165.265625, 165.265625, 165.265625, 165.265625, 165.265625, 165.265625, 165.265625, 165.265625, 165.265625, 165.265625, 165.265625, 165.265625, 165.265625, 165.265625, 165.265625, 165.265625, 165.265625, 165.265625, 165.265625, 165.265625, 165.265625, 165.265625, 165.265625, 165.265625, 165.265625, 165.265625, 165.265625, 165.265625, 165.265625, 165.265625, 165.265625, 165.265625, 165.265625, 165.265625, 165.265625, 165.265625, 165.265625, 165.265625, 165.265625, 165.265625, 165.265625, 165.265625, 165.265625, 165.265625, 165.265625, 165.265625, 165.265625, 165.265625, 165.265625, 165.265625, 165.265625, 165.265625, 165.265625, 165.265625, 165.265625, 165.265625, 165.265625, 165.265625, 165.265625, 165.265625, 165.265625, 165.265625, 165.265625, 165.265625, 165.265625, 165.265625, 165.265625, 165.265625, 165.265625, 165.265625, 165.265625, 165.265625, 165.265625, 165.265625, 165.265625, 165.265625, 165.265625, 165.265625, 165.265625, 165.265625, 165.265625, 165.265625, 165.265625, 165.265625, 165.265625, 165.265625, 165.265625, 165.265625, 165.265625, 165.265625, 165.265625, 165.265625, 165.265625, 165.265625, 165.265625, 165.265625, 165.265625, 165.265625, 165.265625, 165.265625, 165.265625, 165.265625, 165.265625, 165.265625, 165.265625, 165.265625, 165.265625, 165.265625, 165.265625, 165.265625, 165.265625, 165.265625, 165.265625, 165.265625, 165.26953125, 165.26953125, 165.26953125, 165.26953125, 165.26953125, 165.26953125, 165.26953125, 165.26953125, 165.26953125, 165.26953125, 165.26953125, 165.26953125, 165.26953125, 165.26953125, 165.26953125, 165.26953125, 165.26953125, 165.26953125, 165.26953125, 165.26953125, 165.26953125, 165.26953125, 165.26953125, 165.26953125, 165.26953125, 165.26953125, 165.26953125, 165.26953125, 165.26953125, 165.26953125, 165.26953125, 165.26953125, 165.26953125, 127.6640625] 
Algorithm: Clu-GRAD (v1.4)
No. of (dataset) attributes: 15
No. of (dataset) tuples: 1291
Erasure probability: 0.9
Score vector iterations: 2
Minimum support: 0.5
Number of cores: 14
Number of patterns: 5
0. Date
1. Time
2. CO(GT)
3. PT08.S1(CO)
4. NMHC(GT)
5. C6H6(GT)
6. PT08.S2(NMHC)
7. NOx(GT)
8. PT08.S3(NOx)
9. NO2(GT)
10. PT08.S4(NO2)
11. PT08.S5(O3)
12. T
13. RH
14. AH

File: data/air_quality1k.csv

Pattern : Support
['3-', '5-', '6-', '8+', '10-', '11-'] : 0.705
['5+', '6+', '8-', '10+'] : 0.813
['2-', '7-', '9-'] : 0.831
['2+', '7+', '9+'] : 0.857
['3+', '11+'] : 0.864


Comparison : Estimated Support, True Support
['3-', '5-', '6-', '8+', '10-', '11-'] : 0.705, 0.714
['5+', '6+', '8-', '10+'] : 0.813, 0.821
['2-', '7-', '9-'] : 0.831, 0.828
['2+', '7+', '9+'] : 0.857, 0.828
['3+', '11+'] : 0.864, 0.872
