Run-time: 39.92161202430725 seconds
Memory Usage (MiB): [119.44140625, 119.73046875, 120.265625, 120.265625, 120.265625, 120.265625, 120.265625, 120.265625, 120.265625, 120.265625, 120.265625, 120.265625, 120.265625, 120.265625, 120.265625, 120.265625, 120.265625, 120.265625, 120.265625, 120.265625, 120.265625, 120.265625, 120.265625, 120.265625, 120.265625, 120.265625, 120.265625, 120.265625, 120.265625, 120.265625, 120.265625, 120.265625, 120.265625, 120.265625, 120.265625, 120.265625, 120.265625, 120.265625, 120.265625, 120.265625, 120.265625, 120.265625, 120.265625, 120.265625, 120.265625, 120.265625, 120.265625, 120.265625, 120.265625, 120.265625, 120.265625, 120.265625, 120.265625, 120.265625, 120.265625, 120.265625, 120.265625, 120.265625, 120.265625, 120.265625, 120.265625, 120.265625, 120.265625, 120.265625, 120.265625, 120.265625, 120.265625, 120.265625, 120.265625, 120.265625, 120.265625, 120.265625, 120.265625, 120.265625, 120.265625, 120.265625, 120.265625, 120.265625, 120.265625, 120.265625, 120.265625, 120.265625, 120.265625, 120.265625, 120.265625, 120.265625, 120.265625, 120.265625, 120.265625, 120.265625, 120.265625, 120.265625, 120.265625, 120.265625, 120.265625, 120.265625, 120.265625, 120.265625, 120.265625, 121.28125, 122.2734375, 122.53125, 123.78125, 124.78125, 125.0390625, 126.2890625, 127.28125, 127.5390625, 128.7890625, 129.796875, 130.03125, 131.28125, 132.3125, 132.78515625, 133.81640625, 151.8671875, 164.7109375, 164.7109375, 164.7109375, 164.7109375, 164.7109375, 164.7109375, 164.7109375, 164.7109375, 164.7109375, 164.7109375, 164.7109375, 164.7109375, 164.7109375, 164.7109375, 164.7109375, 164.7109375, 164.7109375, 164.7109375, 164.7109375, 164.7109375, 164.7109375, 164.7109375, 164.7109375, 164.7109375, 164.7109375, 164.7109375, 164.7109375, 164.7109375, 164.71484375, 164.71484375, 164.71484375, 164.71484375, 164.71484375, 164.71484375, 164.71484375, 164.71484375, 164.71484375, 164.71484375, 164.71484375, 164.71484375, 164.71484375, 164.71484375, 164.71484375, 164.71484375, 164.71484375, 164.71484375, 164.71484375, 164.71484375, 164.71484375, 164.71484375, 164.71484375, 164.71484375, 164.71484375, 164.71484375, 164.71484375, 164.71484375, 164.71484375, 164.71484375, 164.71484375, 164.71484375, 164.71484375, 164.71484375, 164.71484375, 164.71484375, 164.71484375, 164.71484375, 164.71484375, 164.71484375, 164.71484375, 164.71484375, 164.71484375, 164.71484375, 164.71484375, 164.71484375, 164.71484375, 164.71484375, 164.71484375, 164.71484375, 164.71484375, 164.71484375, 164.71484375, 164.71484375, 164.71484375, 164.71484375, 164.71484375, 164.71484375, 164.71484375, 164.71484375, 164.71484375, 164.71484375, 164.71484375, 164.71484375, 164.71484375, 164.71484375, 164.71484375, 164.71484375, 164.71484375, 164.71484375, 164.71484375, 164.71484375, 164.71484375, 164.71484375, 164.71484375, 164.71484375, 164.71484375, 164.71484375, 164.71484375, 164.71484375, 164.71484375, 164.71484375, 164.71484375, 164.71484375, 164.71484375, 164.71484375, 164.71484375, 164.71484375, 164.71484375, 164.71484375, 164.71484375, 164.71484375, 164.71484375, 164.71484375, 164.71484375, 164.71484375, 164.71484375, 164.71484375, 164.71484375, 164.71484375, 164.71484375, 164.71484375, 164.71484375, 164.71484375, 164.71484375, 164.71484375, 164.71484375, 164.71484375, 164.71484375, 164.71484375, 164.71484375, 164.71484375, 164.71484375, 164.71484375, 164.71484375, 164.71484375, 164.71484375, 164.71484375, 164.71484375, 164.71484375, 164.71484375, 164.71484375, 164.71484375, 164.71484375, 164.71484375, 164.71484375, 164.71484375, 164.71484375, 164.71484375, 164.71484375, 164.71484375, 164.71484375, 164.71484375, 164.71484375, 164.71484375, 164.71484375, 164.71484375, 164.71484375, 164.71484375, 164.71484375, 164.71484375, 164.71484375, 164.71484375, 164.71484375, 164.71484375, 164.71484375, 164.71484375, 164.71484375, 164.71484375, 164.71484375, 164.71484375, 164.71484375, 164.71484375, 164.71484375, 164.71484375, 164.71484375, 164.71484375, 164.71484375, 164.71484375, 164.71484375, 164.71484375, 164.71484375, 164.71484375, 164.71484375, 164.71484375, 164.71484375, 164.71484375, 164.71484375, 164.71484375, 164.71484375, 164.71484375, 164.71484375, 164.71484375, 164.71484375, 164.71484375, 164.71484375, 164.71484375, 164.71484375, 164.71484375, 164.71484375, 164.71484375, 164.71484375, 164.71484375, 164.71484375, 164.71484375, 164.71484375, 164.71484375, 164.71484375, 164.71484375, 164.71484375, 164.71484375, 164.71484375, 164.71484375, 164.71484375, 164.71484375, 164.71484375, 164.71484375, 164.71484375, 164.71484375, 164.71484375, 164.71484375, 164.71484375, 164.71484375, 164.71484375, 164.71484375, 164.71484375, 164.71484375, 164.71484375, 164.71484375, 164.71484375, 164.71484375, 164.71484375, 164.71484375, 164.71484375, 164.71484375, 164.71484375, 164.71484375, 164.71484375, 164.71484375, 164.71484375, 164.71484375, 164.71484375, 164.71484375, 164.71484375, 164.71484375, 164.71484375, 164.71484375, 164.71484375, 164.71484375, 164.71484375, 164.71484375, 164.71484375, 164.71484375, 164.71484375, 164.71484375, 164.71484375, 164.71484375, 164.71484375, 164.71484375, 164.71484375, 164.71484375, 164.71484375, 164.71484375, 164.71484375, 164.71484375, 164.71484375, 164.71484375, 164.71484375, 164.71484375, 164.71484375, 164.71484375, 164.71484375, 164.71484375, 164.71484375, 164.71484375, 164.71484375, 164.71484375, 126.84375] 
Algorithm: Clu-GRAD (v1.3)
No. of (dataset) attributes: 15
No. of (dataset) tuples: 1291
Erasure probability: 0.9
Score vector iterations: 2
Minimum support: 0.5
Number of cores: 14
Number of patterns: 5
0. Date
1. Time
2. CO(GT)
3. PT08.S1(CO)
4. NMHC(GT)
5. C6H6(GT)
6. PT08.S2(NMHC)
7. NOx(GT)
8. PT08.S3(NOx)
9. NO2(GT)
10. PT08.S4(NO2)
11. PT08.S5(O3)
12. T
13. RH
14. AH

File: data/air_quality1k.csv

Pattern : Support
['3-', '5-', '6-', '8+', '10-', '11-'] : 0.705
['5+', '6+', '8-', '10+'] : 0.815
['2-', '7-', '9-'] : 0.828
['2+', '7+', '9+'] : 0.858
['3+', '11+'] : 0.866
