Run-time: 41.77601385116577 seconds
Memory Usage (MiB): [126.3046875, 126.54296875, 127.05859375, 127.05859375, 127.05859375, 127.05859375, 127.05859375, 127.05859375, 127.05859375, 127.05859375, 127.05859375, 127.05859375, 127.05859375, 127.05859375, 127.05859375, 127.05859375, 127.05859375, 127.05859375, 127.05859375, 127.05859375, 127.05859375, 127.05859375, 127.05859375, 127.05859375, 127.05859375, 127.05859375, 127.05859375, 127.05859375, 127.05859375, 127.05859375, 127.05859375, 127.05859375, 127.05859375, 127.05859375, 127.05859375, 127.05859375, 127.05859375, 127.05859375, 127.05859375, 127.05859375, 127.05859375, 127.05859375, 127.05859375, 127.05859375, 127.05859375, 127.05859375, 127.05859375, 127.05859375, 127.05859375, 127.05859375, 127.05859375, 127.05859375, 127.05859375, 127.05859375, 127.05859375, 127.05859375, 127.05859375, 127.05859375, 127.05859375, 127.05859375, 127.05859375, 127.05859375, 127.05859375, 127.05859375, 127.05859375, 127.05859375, 127.05859375, 127.05859375, 127.05859375, 127.05859375, 127.05859375, 127.05859375, 127.05859375, 127.05859375, 127.05859375, 127.05859375, 127.05859375, 127.05859375, 127.05859375, 127.05859375, 127.05859375, 127.05859375, 127.05859375, 127.05859375, 127.05859375, 127.05859375, 127.05859375, 127.05859375, 127.05859375, 127.05859375, 127.05859375, 127.05859375, 127.05859375, 127.05859375, 127.05859375, 127.05859375, 127.05859375, 127.05859375, 127.05859375, 127.640625, 128.15625, 129.1796875, 130.203125, 130.6875, 131.6875, 131.9453125, 132.9375, 134.1796875, 134.4375, 135.421875, 135.6796875, 136.9296875, 137.921875, 138.1796875, 139.171875, 140.421875, 140.6796875, 171.14453125, 171.25, 171.25, 171.25, 171.25, 171.25, 171.25, 171.25, 171.25, 171.25, 171.25, 171.25, 171.25, 171.25, 171.25, 171.25, 171.25, 171.25, 171.25, 171.25, 171.25, 171.25, 171.25, 171.25, 171.25, 171.25, 171.25, 171.25, 171.25, 171.25, 171.25, 171.25, 171.25, 171.25, 171.25, 171.25, 171.25, 171.25, 171.25, 171.25, 171.25, 171.25, 171.25, 171.25, 171.25, 171.25, 171.25, 171.25, 171.25, 171.25, 171.25, 171.25, 171.25, 171.25, 171.25, 171.25, 171.25, 171.25, 171.25, 171.25, 171.25390625, 171.25390625, 171.25390625, 171.25390625, 171.25390625, 171.25390625, 171.25390625, 171.25390625, 171.25390625, 171.25390625, 171.25390625, 171.25390625, 171.25390625, 171.25390625, 171.25390625, 171.25390625, 171.25390625, 171.25390625, 171.25390625, 171.25390625, 171.25390625, 171.25390625, 171.25390625, 171.25390625, 171.25390625, 171.25390625, 171.25390625, 171.25390625, 171.25390625, 171.25390625, 171.25390625, 171.25390625, 171.25390625, 171.25390625, 171.25390625, 171.25390625, 171.25390625, 171.25390625, 171.25390625, 171.25390625, 171.25390625, 171.25390625, 171.25390625, 171.25390625, 171.25390625, 171.25390625, 171.25390625, 171.25390625, 171.25390625, 171.25390625, 171.25390625, 171.25390625, 171.25390625, 171.25390625, 171.25390625, 171.25390625, 171.25390625, 171.25390625, 171.25390625, 171.25390625, 171.25390625, 171.25390625, 171.25390625, 171.25390625, 171.25390625, 171.25390625, 171.25390625, 171.25390625, 171.25390625, 171.25390625, 171.25390625, 171.25390625, 171.25390625, 171.25390625, 171.25390625, 171.25390625, 171.25390625, 171.25390625, 171.25390625, 171.25390625, 171.25390625, 171.25390625, 171.25390625, 171.25390625, 171.25390625, 171.25390625, 171.25390625, 171.25390625, 171.25390625, 171.25390625, 171.25390625, 171.25390625, 171.25390625, 171.25390625, 171.25390625, 171.25390625, 171.25390625, 171.25390625, 171.25390625, 171.25390625, 171.25390625, 171.25390625, 171.25390625, 171.25390625, 171.25390625, 171.25390625, 171.25390625, 171.25390625, 171.25390625, 171.25390625, 171.25390625, 171.25390625, 171.25390625, 171.25390625, 171.25390625, 171.25390625, 171.25390625, 171.25390625, 171.25390625, 171.25390625, 171.25390625, 171.25390625, 171.25390625, 171.25390625, 171.25390625, 171.25390625, 171.25390625, 171.25390625, 171.25390625, 171.25390625, 171.25390625, 171.25390625, 171.25390625, 171.25390625, 171.25390625, 171.25390625, 171.25390625, 171.25390625, 171.25390625, 171.25390625, 171.25390625, 171.25390625, 171.25390625, 171.25390625, 171.25390625, 171.25390625, 171.25390625, 171.25390625, 171.25390625, 171.25390625, 171.25390625, 171.25390625, 171.25390625, 171.25390625, 171.25390625, 171.25390625, 171.25390625, 171.25390625, 171.25390625, 171.25390625, 171.25390625, 171.25390625, 171.25390625, 171.25390625, 171.25390625, 171.25390625, 171.25390625, 171.25390625, 171.25390625, 171.25390625, 171.25390625, 171.25390625, 171.25390625, 171.25390625, 171.25390625, 171.25390625, 171.25390625, 171.25390625, 171.25390625, 171.25390625, 171.25390625, 171.25390625, 171.25390625, 171.25390625, 171.25390625, 171.25390625, 171.25390625, 171.25390625, 171.25390625, 171.25390625, 171.25390625, 171.25390625, 171.25390625, 171.25390625, 171.25390625, 171.25390625, 171.25390625, 171.25390625, 171.25390625, 171.25390625, 171.25390625, 171.25390625, 171.25390625, 171.25390625, 171.25390625, 171.25390625, 171.25390625, 171.25390625, 171.25390625, 171.25390625, 171.25390625, 171.25390625, 171.25390625, 171.25390625, 171.25390625, 171.25390625, 171.25390625, 171.25390625, 171.25390625, 171.25390625, 171.25390625, 171.25390625, 171.25390625, 171.25390625, 171.25390625, 171.25390625, 171.25390625, 171.25390625, 171.25390625, 171.25390625, 171.25390625, 171.25390625, 171.25390625, 171.25390625, 171.25390625, 171.25390625, 171.25390625, 171.25390625, 171.25390625, 171.25390625, 171.25390625, 171.25390625, 133.64453125] 
Algorithm: Clu-GRAD (v1.3)
No. of (dataset) attributes: 15
No. of (dataset) tuples: 1291
Erasure probability: 0.9
Score vector iterations: 2
Minimum support: 0.5
Number of cores: 14
Number of patterns: 5
0. Date
1. Time
2. CO(GT)
3. PT08.S1(CO)
4. NMHC(GT)
5. C6H6(GT)
6. PT08.S2(NMHC)
7. NOx(GT)
8. PT08.S3(NOx)
9. NO2(GT)
10. PT08.S4(NO2)
11. PT08.S5(O3)
12. T
13. RH
14. AH

File: data/air_quality1k.csv

Pattern : Support
['3-', '5-', '6-', '8+', '10-', '11-'] : 0.709
['5+', '6+', '8-', '10+'] : 0.813
['2-', '7-', '9-'] : 0.832
['2+', '7+', '9+'] : 0.859
['3+', '11+'] : 0.863
