Run-time: 21.164432287216187 seconds
Memory Usage (MiB): [103.93359375, 103.91015625, 103.91015625, 103.91015625, 103.91015625, 103.91015625, 103.91015625, 103.91015625, 103.91015625, 103.91015625, 103.91015625, 103.91015625, 103.91015625, 103.91015625, 103.91015625, 103.91015625, 103.91015625, 103.91015625, 103.91015625, 103.91015625, 103.91015625, 103.91015625, 103.91015625, 103.91015625, 103.91015625, 103.91015625, 103.91015625, 103.91015625, 103.91015625, 103.91015625, 103.953125, 103.953125, 103.953125, 103.953125, 103.953125, 103.953125, 103.953125, 103.953125, 103.953125, 103.953125, 103.953125, 103.953125, 103.953125, 103.953125, 103.953125, 103.953125, 103.953125, 103.953125, 103.953125, 103.953125, 103.953125, 103.953125, 103.953125, 103.953125, 103.953125, 103.953125, 103.953125, 103.953125, 103.953125, 103.953125, 103.953125, 103.953125, 103.953125, 103.953125, 103.953125, 103.953125, 103.953125, 103.953125, 103.953125, 103.953125, 103.953125, 103.953125, 104.078125, 104.078125, 104.078125, 104.078125, 104.078125, 104.078125, 104.078125, 104.078125, 104.078125, 104.09765625, 104.09765625, 104.09765625, 104.09765625, 104.09765625, 104.09765625, 104.09765625, 104.09765625, 104.09765625, 104.09765625, 104.09765625, 104.09765625, 104.09765625, 104.09765625, 104.09765625, 104.09765625, 104.09765625, 104.09765625, 104.09765625, 104.140625, 104.140625, 104.140625, 104.140625, 104.140625, 104.140625, 104.140625, 104.140625, 104.140625, 104.140625, 104.140625, 104.140625, 104.140625, 104.140625, 104.140625, 104.140625, 104.140625, 104.140625, 104.140625, 104.140625, 104.140625, 104.140625, 104.140625, 104.140625, 104.140625, 104.140625, 104.140625, 104.140625, 104.140625, 104.16015625, 104.16015625, 104.16015625, 104.16015625, 104.16015625, 104.1640625, 104.1640625, 104.1640625, 104.1640625, 104.1640625, 104.1640625, 104.1640625, 104.1640625, 104.1640625, 104.1640625, 104.1640625, 104.1640625, 104.1640625, 104.1640625, 104.1640625, 104.1640625, 104.1640625, 104.1640625, 104.1640625, 104.1640625, 104.1640625, 104.1640625, 104.1640625, 104.1640625, 104.1640625, 104.1640625, 104.1640625, 104.1640625, 104.1640625, 104.1640625, 104.1640625, 104.1640625, 104.1640625, 104.1640625, 104.1640625, 104.203125, 104.203125, 104.203125, 104.203125, 104.203125, 104.203125, 104.203125, 104.203125, 104.203125, 104.203125, 104.203125, 104.203125, 104.203125, 104.203125, 104.203125, 104.203125, 104.203125, 104.203125, 104.203125, 104.203125, 104.203125, 104.203125, 104.203125, 104.203125, 104.203125, 104.203125, 104.203125, 104.203125, 104.203125, 104.203125, 104.203125, 104.203125, 104.203125, 104.203125, 104.203125, 104.203125, 104.203125, 104.203125, 104.203125, 104.203125, 104.203125, 104.203125, 104.203125, 104.203125, 104.203125, 104.203125, 104.203125, 104.203125, 104.203125, 104.203125, 104.203125, 104.21875, 104.21875, 104.21875, 104.21875, 104.21875, 104.21875, 104.21875, 104.21875, 104.21875, 104.21875, 104.21875, 104.21875, 104.21875, 104.21875, 104.21875, 104.21875, 104.21875, 104.21875, 104.21875, 104.21875, 104.21875, 104.21875, 104.21875, 104.21875, 104.21875, 104.21875, 104.21875, 104.21875, 104.21875, 104.21875, 104.21875, 104.21875, 104.21875, 104.21875, 104.21875, 104.21875, 104.21875, 104.21875, 104.22265625, 104.22265625, 104.22265625, 104.22265625, 104.22265625, 104.22265625, 104.22265625, 104.22265625, 104.22265625, 104.22265625, 104.22265625, 104.22265625, 104.22265625, 104.22265625, 104.22265625, 104.22265625, 104.22265625, 104.22265625, 104.22265625, 104.22265625, 104.22265625, 104.22265625, 104.22265625, 104.22265625, 104.22265625, 104.22265625, 104.22265625, 104.22265625, 104.22265625, 104.22265625, 104.22265625, 104.22265625, 104.22265625, 104.22265625, 104.22265625, 104.22265625, 104.22265625, 104.22265625, 104.22265625, 104.22265625, 104.22265625, 104.22265625, 104.22265625, 104.22265625, 104.22265625, 104.22265625, 104.22265625, 104.22265625, 104.22265625, 104.22265625, 104.22265625, 104.25] 
Algorithm: ACO-GRAANK (v4.0)
No. of (dataset) attributes: 10
No. of (dataset) tuples: 116
Evaporation factor: 0.25
Number of iterations: 500
Minimum support: 0.5
Number of cores: 14
Number of patterns: 21
0. Age
1. BMI
2. Glucose
3. Insulin
4. HOMA
5. Leptin
6. Adiponectin
7. Resistin
8. MCP.1
9. Classification

File: data/breast_cancer.csv

Pattern : Support
['6-', '1+'] : 0.581
['7-', '2-'] : 0.52
['5+', '7+'] : 0.548
['2+', '3+', '4+'] : 0.637
['8-', '5-'] : 0.53
['7-', '6+'] : 0.593
['6-', '3+'] : 0.527
['4+', '1+'] : 0.614
['8-', '1-'] : 0.587
['5+', '4+', '1+'] : 0.503
['4+', '7+'] : 0.543
['8-', '6+'] : 0.575
['2+', '5+'] : 0.562
['4+', '8+'] : 0.533
['7-', '4-', '3-'] : 0.516
['6-', '5+'] : 0.532
['8-', '4-', '3-'] : 0.505
['2+', '8-'] : 0.505
['4+', '3+', '5+'] : 0.629
['6-', '4+'] : 0.528
['7-', '8-'] : 0.672
