Run-time: 40.06370282173157 seconds
Memory Usage (MiB): [120.3046875, 120.60546875, 121.12109375, 121.12109375, 121.12109375, 121.12109375, 121.12109375, 121.12109375, 121.12109375, 121.12109375, 121.12109375, 121.12109375, 121.12109375, 121.12109375, 121.12109375, 121.12109375, 121.12109375, 121.12109375, 121.12109375, 121.12109375, 121.12109375, 121.12109375, 121.12109375, 121.12109375, 121.12109375, 121.12109375, 121.12109375, 121.12109375, 121.12109375, 121.12109375, 121.12109375, 121.12109375, 121.12109375, 121.12109375, 121.12109375, 121.12109375, 121.12109375, 121.12109375, 121.12109375, 121.12109375, 121.12109375, 121.12109375, 121.12109375, 121.12109375, 121.12109375, 121.12109375, 121.12109375, 121.12109375, 121.12109375, 121.12109375, 121.12109375, 121.12109375, 121.12109375, 121.12109375, 121.12109375, 121.12109375, 121.12109375, 121.12109375, 121.12109375, 121.12109375, 121.12109375, 121.12109375, 121.12109375, 121.12109375, 121.12109375, 121.12109375, 121.12109375, 121.12109375, 121.12109375, 121.12109375, 121.12109375, 121.12109375, 121.12109375, 121.12109375, 121.12109375, 121.12109375, 121.12109375, 121.12109375, 121.12109375, 121.12109375, 121.12109375, 121.12109375, 121.12109375, 121.12109375, 121.12109375, 121.12109375, 121.12109375, 121.12109375, 121.12109375, 121.12109375, 121.12109375, 121.12109375, 121.12109375, 121.12109375, 121.12109375, 121.12109375, 121.12109375, 121.12109375, 121.8671875, 122.125, 123.11328125, 123.62890625, 124.58984375, 125.56640625, 126.08203125, 127.0703125, 128.09765625, 128.5625, 129.5546875, 130.5859375, 131.05859375, 132.04296875, 133.2890625, 133.546875, 134.51171875, 135.02734375, 165.3046875, 165.3046875, 165.3046875, 165.30859375, 165.30859375, 165.30859375, 165.30859375, 165.30859375, 165.30859375, 165.30859375, 165.30859375, 165.30859375, 165.30859375, 165.30859375, 165.30859375, 165.30859375, 165.30859375, 165.30859375, 165.30859375, 165.30859375, 165.30859375, 165.30859375, 165.30859375, 165.30859375, 165.30859375, 165.30859375, 165.30859375, 165.30859375, 165.30859375, 165.30859375, 165.30859375, 165.30859375, 165.30859375, 165.30859375, 165.30859375, 165.30859375, 165.30859375, 165.30859375, 165.30859375, 165.30859375, 165.30859375, 165.30859375, 165.30859375, 165.30859375, 165.30859375, 165.30859375, 165.30859375, 165.30859375, 165.30859375, 165.30859375, 165.30859375, 165.30859375, 165.30859375, 165.30859375, 165.30859375, 165.30859375, 165.30859375, 165.30859375, 165.30859375, 165.30859375, 165.30859375, 165.30859375, 165.30859375, 165.30859375, 165.30859375, 165.30859375, 165.30859375, 165.30859375, 165.30859375, 165.30859375, 165.30859375, 165.30859375, 165.30859375, 165.30859375, 165.30859375, 165.30859375, 165.30859375, 165.30859375, 165.30859375, 165.30859375, 165.30859375, 165.30859375, 165.30859375, 165.30859375, 165.30859375, 165.30859375, 165.30859375, 165.30859375, 165.30859375, 165.30859375, 165.30859375, 165.30859375, 165.30859375, 165.30859375, 165.30859375, 165.3125, 165.3125, 165.3125, 165.3125, 165.3125, 165.3125, 165.3125, 165.3125, 165.3125, 165.3125, 165.3125, 165.3125, 165.3125, 165.3125, 165.3125, 165.3125, 165.3125, 165.3125, 165.3125, 165.3125, 165.3125, 165.3125, 165.3125, 165.3125, 165.3125, 165.3125, 165.3125, 165.3125, 165.3125, 165.3125, 165.3125, 165.3125, 165.3125, 165.3125, 165.3125, 165.3125, 165.3125, 165.3125, 165.3125, 165.3125, 165.3125, 165.3125, 165.3125, 165.3125, 165.3125, 165.3125, 165.3125, 165.3125, 165.3125, 165.3125, 165.3125, 165.3125, 165.3125, 165.3125, 165.3125, 165.3125, 165.3125, 165.3125, 165.3125, 165.3125, 165.3125, 165.3125, 165.3125, 165.3125, 165.3125, 165.3125, 165.3125, 165.3125, 165.3125, 165.3125, 165.3125, 165.3125, 165.3125, 165.3125, 165.3125, 165.3125, 165.3125, 165.3125, 165.3125, 165.3125, 165.3125, 165.3125, 165.3125, 165.3125, 165.3125, 165.3125, 165.3125, 165.3125, 165.3125, 165.3125, 165.3125, 165.3125, 165.3125, 165.3125, 165.3125, 165.3125, 165.3125, 165.3125, 165.3125, 165.3125, 165.3125, 165.3125, 165.3125, 165.3125, 165.3125, 165.3125, 165.3125, 165.3125, 165.3125, 165.3125, 165.3125, 165.3125, 165.3125, 165.3125, 165.3125, 165.3125, 165.3125, 165.3125, 165.3125, 165.3125, 165.3125, 165.3125, 165.3125, 165.3125, 165.3125, 165.3125, 165.3125, 165.3125, 165.3125, 165.3125, 165.3125, 165.3125, 165.3125, 165.3125, 165.3125, 165.3125, 165.3125, 165.3125, 165.3125, 165.3125, 165.3125, 165.3125, 165.3125, 165.3125, 165.3125, 165.3125, 165.3125, 165.3125, 165.3125, 165.3125, 165.3125, 165.3125, 165.3125, 165.3125, 165.3125, 165.3125, 165.3125, 165.3125, 165.3125, 165.3125, 165.3125, 165.3125, 165.3125, 165.3125, 165.3125, 165.3125, 165.3125, 165.3125, 165.3125, 165.3125, 165.3125, 165.3125, 165.3125, 165.3125, 165.3125, 165.3125, 165.3125, 165.3125, 165.3125, 165.3125, 165.3125, 165.3125, 165.3125, 165.3125, 165.3125, 165.3125, 165.3125, 165.3125, 165.3125, 127.7109375] 
Algorithm: Clu-GRAD (v1.4)
No. of (dataset) attributes: 15
No. of (dataset) tuples: 1291
Erasure probability: 0.9
Score vector iterations: 2
Minimum support: 0.5
Number of cores: 14
Number of patterns: 5
0. Date
1. Time
2. CO(GT)
3. PT08.S1(CO)
4. NMHC(GT)
5. C6H6(GT)
6. PT08.S2(NMHC)
7. NOx(GT)
8. PT08.S3(NOx)
9. NO2(GT)
10. PT08.S4(NO2)
11. PT08.S5(O3)
12. T
13. RH
14. AH

File: data/air_quality1k.csv

Pattern : Support
['3-', '5-', '6-', '8+', '10-', '11-'] : 0.705
['5+', '6+', '8-', '10+'] : 0.812
['2-', '7-', '9-'] : 0.829
['2+', '7+', '9+'] : 0.857
['3+', '11+'] : 0.863


Comparison : Estimated Support, True Support
['3-', '5-', '6-', '8+', '10-', '11-'] : 0.705, 0.714
['5+', '6+', '8-', '10+'] : 0.812, 0.821
['2-', '7-', '9-'] : 0.829, 0.828
['2+', '7+', '9+'] : 0.857, 0.828
['3+', '11+'] : 0.863, 0.872
