Run-time: 32.99544167518616 seconds
Memory Usage (MiB): [108.9453125, 108.8984375, 108.921875, 108.921875, 108.921875, 108.921875, 108.921875, 108.921875, 108.921875, 108.921875, 108.921875, 108.921875, 108.921875, 108.921875, 108.921875, 108.921875, 108.921875, 108.921875, 108.921875, 108.921875, 108.921875, 108.921875, 108.921875, 108.921875, 108.921875, 108.921875, 108.921875, 109.1171875, 109.1171875, 109.1171875, 109.1171875, 109.1171875, 109.1171875, 109.1171875, 109.1171875, 109.1171875, 109.1171875, 109.1171875, 109.1171875, 109.1171875, 109.1171875, 109.1171875, 109.1171875, 109.1171875, 109.1171875, 109.1171875, 109.1171875, 109.1171875, 109.1171875, 109.1171875, 109.1171875, 109.1171875, 109.1171875, 109.1171875, 109.1171875, 109.1171875, 109.1171875, 109.1171875, 109.1171875, 109.1171875, 109.1171875, 109.1171875, 109.1171875, 109.1171875, 109.1171875, 109.1171875, 109.1171875, 109.1171875, 109.1171875, 109.1171875, 109.1171875, 109.1171875, 109.1171875, 109.1171875, 109.1171875, 109.1171875, 109.1171875, 109.1171875, 109.1171875, 109.1171875, 109.1171875, 109.1171875, 109.1171875, 109.1171875, 109.1171875, 109.1171875, 109.1171875, 109.1171875, 109.1171875, 109.1171875, 109.1171875, 109.1171875, 109.1171875, 109.1171875, 109.1171875, 109.1171875, 109.1171875, 109.1171875, 109.1171875, 109.1171875, 109.1171875, 109.1171875, 109.1171875, 109.1171875, 109.1171875, 109.1171875, 109.1171875, 109.1171875, 109.1171875, 109.1171875, 109.1171875, 109.1171875, 109.1171875, 109.1171875, 109.1171875, 109.1171875, 109.140625, 109.140625, 109.140625, 109.140625, 109.140625, 109.140625, 109.1796875, 109.1796875, 109.1796875, 109.1796875, 109.1796875, 109.1796875, 109.1796875, 109.1796875, 109.1796875, 109.1796875, 109.1796875, 109.1796875, 109.1796875, 109.1796875, 109.1796875, 109.1796875, 109.1796875, 109.1796875, 109.1796875, 109.1796875, 109.1796875, 109.1796875, 109.1796875, 109.1796875, 109.1796875, 109.1796875, 109.1796875, 109.1796875, 109.1796875, 109.1796875, 109.1796875, 109.1796875, 109.1796875, 109.1796875, 109.1796875, 109.1796875, 109.1796875, 109.43359375, 109.43359375, 109.43359375, 109.43359375, 109.43359375, 109.43359375, 109.43359375, 109.43359375, 109.43359375, 109.43359375, 109.43359375, 109.43359375, 109.43359375, 109.43359375, 109.43359375, 109.43359375, 109.43359375, 109.43359375, 109.43359375, 109.43359375, 109.43359375, 109.43359375, 109.43359375, 109.43359375, 109.43359375, 109.43359375, 109.43359375, 109.43359375, 109.6171875, 109.6171875, 109.6171875, 109.6171875, 109.6171875, 109.6171875, 109.6171875, 109.6171875, 109.6171875, 109.6171875, 109.6171875, 109.6171875, 109.6171875, 109.6171875, 109.6171875, 109.6171875, 109.6171875, 109.6171875, 109.6171875, 109.6171875, 109.6171875, 109.6171875, 109.6171875, 109.6171875, 109.6171875, 109.6171875, 109.6171875, 109.6171875, 109.6171875, 109.6171875, 109.6171875, 109.6171875, 109.6171875, 109.6171875, 109.6171875, 109.6171875, 109.6171875, 109.6171875, 109.6171875, 109.6171875, 109.6171875, 109.6171875, 109.6171875, 109.6171875, 109.6171875, 109.6171875, 109.6171875, 109.6171875, 109.6171875, 109.8671875, 109.8671875, 109.8671875, 109.8671875, 109.8671875, 109.8671875, 109.8671875, 109.8671875, 109.8671875, 109.8671875, 109.8671875, 109.8671875, 109.8671875, 109.8671875, 109.8671875, 109.8671875, 109.8671875, 109.8671875, 109.8671875, 109.8671875, 109.8671875, 109.8671875, 109.8671875, 109.8671875, 109.8671875, 109.8671875, 109.8671875, 109.8671875, 109.8671875, 109.8671875, 109.8671875, 109.8671875, 109.8671875, 109.8671875, 109.8671875, 109.8671875, 109.8671875, 109.8671875, 109.8671875, 109.8671875, 109.8671875, 109.8671875, 109.8671875, 109.8671875, 109.8671875, 109.8671875, 109.8671875, 109.8671875, 109.8671875, 109.8671875, 109.8671875, 109.8671875, 109.8671875, 109.8671875, 110.1171875, 110.1171875, 110.1171875, 110.1171875, 110.1171875, 110.1171875, 110.1171875, 110.1171875, 110.1171875, 110.1171875, 110.1171875, 110.1171875, 110.1171875, 110.1640625, 110.16796875, 110.16796875, 110.16796875, 110.16796875, 110.16796875, 110.16796875, 110.16796875, 110.16796875, 110.16796875, 110.16796875, 110.16796875, 110.16796875, 110.16796875, 110.16796875, 110.16796875, 110.16796875, 110.16796875, 110.16796875, 110.16796875, 110.16796875, 110.16796875, 110.16796875, 110.16796875, 109.7421875, 109.74609375] 
Algorithm: ACO-GRAANK (v4.0)
No. of (dataset) attributes: 10
No. of (dataset) tuples: 116
Evaporation factor: 0
Number of iterations: 500
Minimum support: 0.5
Number of cores: 14
Number of patterns: 28
0. Age
1. BMI
2. Glucose
3. Insulin
4. HOMA
5. Leptin
6. Adiponectin
7. Resistin
8. MCP.1
9. Classification

File: data/breast_cancer.csv

Pattern : Support
['4+', '8+', '3+'] : 0.505
['4+', '7+', '3+'] : 0.516
['5+', '4+', '3+'] : 0.629
['2+', '7+'] : 0.52
['6-', '2+'] : 0.508
['2+', '3+'] : 0.637
['2+', '5+'] : 0.562
['2+', '3+', '4+'] : 0.637
['6-', '5+'] : 0.532
['8-', '6+'] : 0.575
['7-', '6+'] : 0.593
['7-', '5-'] : 0.548
['6-', '4+'] : 0.528
['8-', '5-'] : 0.53
['2+', '1+'] : 0.525
['8-', '2+'] : 0.505
['6-', '3+'] : 0.527
['8-', '1-'] : 0.587
['5+', '3+', '1+'] : 0.502
['2+', '0+'] : 0.544
['7-', '8-'] : 0.672
['4+', '0+'] : 0.507
['4+', '3+', '1+'] : 0.583
['5+', '4+', '1+'] : 0.503
['7-', '1-'] : 0.561
['5+', '0+'] : 0.509
['7-', '0+'] : 0.523
['6-', '0+'] : 0.539
