Run-time: 32.41814064979553 seconds
Memory Usage (MiB): [105.1953125, 105.1484375, 105.171875, 105.171875, 105.171875, 105.171875, 105.171875, 105.171875, 105.171875, 105.171875, 105.171875, 105.171875, 105.171875, 105.171875, 105.171875, 105.171875, 105.171875, 105.171875, 105.171875, 105.171875, 105.171875, 105.171875, 105.171875, 105.171875, 105.171875, 105.171875, 105.171875, 105.171875, 105.28125, 105.28125, 105.28125, 105.28125, 105.28125, 105.28125, 105.28125, 105.28125, 105.28125, 105.28125, 105.28125, 105.28125, 105.28125, 105.28125, 105.28125, 105.28125, 105.28125, 105.28125, 105.28125, 105.28125, 105.28125, 105.28125, 105.28125, 105.28125, 105.28125, 105.28125, 105.28125, 105.28125, 105.28125, 105.28125, 105.28125, 105.28125, 105.28125, 105.28125, 105.28125, 105.28125, 105.28125, 105.28125, 105.28125, 105.28125, 105.28125, 105.28125, 105.28125, 105.28125, 105.28125, 105.28125, 105.28125, 105.28125, 105.28125, 105.28125, 105.28125, 105.28125, 105.28125, 105.28125, 105.28125, 105.28125, 105.28125, 105.28125, 105.28125, 105.28125, 105.28125, 105.28125, 105.28125, 105.28125, 105.28125, 105.28125, 105.28125, 105.28125, 105.28125, 105.28125, 105.28125, 105.28125, 105.28125, 105.28125, 105.28125, 105.28125, 105.3984375, 105.3984375, 105.3984375, 105.3984375, 105.3984375, 105.3984375, 105.3984375, 105.3984375, 105.3984375, 105.3984375, 105.4921875, 105.4921875, 105.4921875, 105.4921875, 105.4921875, 105.4921875, 105.4921875, 105.4921875, 105.4921875, 105.4921875, 105.4921875, 105.4921875, 105.4921875, 105.4921875, 105.4921875, 105.4921875, 105.4921875, 105.4921875, 105.4921875, 105.4921875, 105.4921875, 105.4921875, 105.4921875, 105.4921875, 105.4921875, 105.4921875, 105.4921875, 105.4921875, 105.4921875, 105.4921875, 105.4921875, 105.4921875, 105.4921875, 105.4921875, 105.4921875, 105.4921875, 105.4921875, 105.4921875, 105.4921875, 105.4921875, 105.72265625, 105.72265625, 105.72265625, 105.72265625, 105.72265625, 105.72265625, 105.72265625, 105.72265625, 105.72265625, 105.72265625, 105.72265625, 105.72265625, 105.72265625, 105.72265625, 105.72265625, 105.72265625, 105.72265625, 105.72265625, 105.72265625, 105.72265625, 105.72265625, 105.72265625, 105.72265625, 105.72265625, 105.72265625, 105.72265625, 105.72265625, 105.72265625, 105.72265625, 105.87109375, 105.87109375, 105.87109375, 105.87109375, 105.87109375, 105.87109375, 105.87109375, 105.87109375, 105.87109375, 105.87109375, 105.87109375, 105.87109375, 105.87109375, 105.87109375, 105.87109375, 105.87109375, 105.87109375, 105.87109375, 105.98828125, 105.98828125, 105.98828125, 105.98828125, 105.98828125, 105.98828125, 105.98828125, 105.98828125, 105.98828125, 105.98828125, 105.98828125, 105.98828125, 105.98828125, 105.98828125, 105.98828125, 105.98828125, 105.98828125, 105.98828125, 105.98828125, 105.98828125, 105.98828125, 105.98828125, 105.98828125, 105.98828125, 105.98828125, 105.98828125, 105.98828125, 105.98828125, 105.98828125, 105.98828125, 105.98828125, 105.98828125, 105.98828125, 105.98828125, 105.98828125, 105.98828125, 105.98828125, 105.98828125, 105.98828125, 105.98828125, 105.98828125, 105.98828125, 105.98828125, 106.21875, 106.21875, 106.21875, 106.21875, 106.21875, 106.21875, 106.21875, 106.21875, 106.21875, 106.28125, 106.28125, 106.28125, 106.28125, 106.28125, 106.28125, 106.28125, 106.28125, 106.28125, 106.28125, 106.28125, 106.28125, 106.28125, 106.28125, 106.28125, 106.28125, 106.28125, 106.28125, 106.28125, 106.28125, 106.28125, 106.28125, 106.28125, 106.28125, 106.28125, 106.28125, 106.28125, 106.28125, 106.28125, 106.28125, 106.28125, 106.28125, 106.28125, 106.28125, 106.4765625, 106.4765625, 106.4765625, 106.4765625, 106.4765625, 106.4765625, 106.4765625, 106.4765625, 106.4765625, 106.4765625, 106.4765625, 106.4765625, 106.4765625, 106.4765625, 106.4765625, 106.4765625, 106.53125, 106.53125, 106.53125, 106.53125, 106.53125, 106.53125, 106.53125, 106.53125, 106.53125, 106.53125, 106.53125, 106.53125, 106.53125, 106.53125, 106.53125, 106.53125, 106.53125, 106.53125, 106.53125, 106.53125, 106.53125, 106.53125, 106.53125, 106.53125, 106.53125, 106.53125, 106.53125, 106.53125, 106.53125, 106.53125, 106.53125, 106.53125, 106.53125, 106.6640625, 106.6640625, 106.67578125, 106.67578125, 106.67578125, 106.67578125, 106.68359375, 106.68359375, 106.68359375, 106.68359375, 106.68359375, 105.9609375] 
Algorithm: ACO-GRAANK (v4.0)
No. of (dataset) attributes: 10
No. of (dataset) tuples: 116
Evaporation factor: 0
Number of iterations: 500
Minimum support: 0.5
Number of cores: 14
Number of patterns: 29
0. Age
1. BMI
2. Glucose
3. Insulin
4. HOMA
5. Leptin
6. Adiponectin
7. Resistin
8. MCP.1
9. Classification

File: data/breast_cancer.csv

Pattern : Support
['2+', '5+'] : 0.562
['7-', '2-'] : 0.52
['2+', '1+'] : 0.525
['5+', '8+'] : 0.53
['6-', '8+'] : 0.575
['5+', '4+', '1+'] : 0.503
['8-', '7-'] : 0.672
['5+', '0+'] : 0.509
['4+', '1+', '3+'] : 0.583
['2+', '3+'] : 0.637
['4+', '3+', '8+'] : 0.505
['5+', '3+', '4+'] : 0.629
['7-', '5-'] : 0.548
['7-', '4-'] : 0.543
['7-', '3-'] : 0.548
['6-', '5+'] : 0.532
['7-', '6+'] : 0.593
['6-', '4+'] : 0.528
['2+', '6-'] : 0.508
['4+', '2+', '3+'] : 0.637
['5+', '3+', '1+'] : 0.502
['8-', '1-'] : 0.587
['4+', '7+', '3+'] : 0.516
['6-', '3+'] : 0.527
['6-', '1+'] : 0.581
['2+', '8-'] : 0.505
['7-', '1-'] : 0.561
['4+', '0+'] : 0.507
['8-', '0+'] : 0.513
